[gd_scene load_steps=5 format=3 uid="uid://cj67enw3sfb3h"]

[ext_resource type="Script" path="res://Assets/Models/NPC/Man1/NPC.gd" id="1_p5y71"]
[ext_resource type="PackedScene" uid="uid://ciwyoms7vxobb" path="res://Assets/Models/NPC/Woman1/Woman1Anim.blend" id="2_xaij4"]
[ext_resource type="Script" path="res://Scenes/Interactable.gd" id="3_u8csn"]

[sub_resource type="CapsuleShape3D" id="CapsuleShape3D_33uso"]
height = 4.404

[node name="Woman1" type="CharacterBody3D"]
script = ExtResource("1_p5y71")

[node name="Woman1Anim" parent="." instance=ExtResource("2_xaij4")]
transform = Transform3D(-1, 0, -8.74228e-08, 0, 1, 0, 8.74228e-08, 0, -1, 0, 0, 0)

[node name="Armature" parent="Woman1Anim" index="0"]
transform = Transform3D(0.0276297, 0.0835814, -0.996118, 0.0155763, 0.996342, 0.0840322, 0.999497, -0.0178376, 0.0262267, 0.015344, 1.66613, -0.00497842)

[node name="Skeleton3D" parent="Woman1Anim/Armature" index="0"]
bones/1/rotation = Quaternion(0.0212931, -0.010847, -0.0109936, 0.999654)
bones/2/rotation = Quaternion(0.0839062, 0.00717385, -0.0219729, 0.996206)
bones/3/rotation = Quaternion(-0.0188569, -0.00355757, -0.00907785, 0.999775)
bones/7/rotation = Quaternion(-0.986387, 0.0893968, -0.0776801, 0.114083)
bones/8/rotation = Quaternion(1.42769e-07, 1.95669e-08, -0.126257, 0.991998)
bones/9/rotation = Quaternion(-0.0873402, -0.240114, 0.0116727, 0.966737)
bones/14/rotation = Quaternion(0.997285, -0.0302132, -0.0498726, 0.0449752)
bones/15/rotation = Quaternion(-2.70884e-07, 4.86259e-08, -0.154165, 0.988045)
bones/16/rotation = Quaternion(0.0953927, 0.103829, 0.0702519, 0.987514)
bones/22/rotation = Quaternion(-0.973924, -0.153244, 0.1166, 0.119972)
bones/23/rotation = Quaternion(0.026359, -0.0773505, 0.239666, 0.96741)
bones/24/rotation = Quaternion(0.11022, -0.0221848, -0.641383, 0.758938)
bones/29/rotation = Quaternion(-0.995387, 0.0184171, -0.0378329, 0.0862219)
bones/30/rotation = Quaternion(0.0371869, 0.0446463, 0.0761409, 0.995403)
bones/31/rotation = Quaternion(-0.231083, -0.0946393, -0.651861, 0.716045)

[node name="Head" parent="Woman1Anim/Armature/Skeleton3D" index="0"]
transform = Transform3D(0.53175, 0.0433349, -0.0102618, -0.0444558, 0.523792, -0.0916884, 0.00262684, 0.0922235, 0.525575, 0.0650219, 1.80374, 0.130192)
bone_idx = 5

[node name="Neck" parent="Woman1Anim/Armature/Skeleton3D" index="1"]
transform = Transform3D(0.997937, 0.0624586, -0.0148436, -0.0641826, 0.97575, -0.209269, 0.00141295, 0.20979, 0.977745, 0.0243315, 1.29752, 0.0519453)
bone_idx = 6

[node name="Hands Left" parent="Woman1Anim/Armature/Skeleton3D" index="2"]
transform = Transform3D(0.961128, -0.190095, 0.200243, 0.0715111, 0.871885, 0.484462, -0.266682, -0.45131, 0.851587, 0.225, 0.525058, 0.277745)
bone_idx = 11

[node name="Arm Lower Left" parent="Woman1Anim/Armature/Skeleton3D" index="3"]
transform = Transform3D(0.977175, 0.0793622, -0.197054, 0.0220266, 0.884746, 0.465553, 0.21129, -0.459267, 0.862804, -0.131423, 1.02132, 0.0427484)
bone_idx = 12

[node name="Arm Upper Left" parent="Woman1Anim/Armature/Skeleton3D" index="4"]
transform = Transform3D(0.964365, 0.259532, -0.0514144, -0.221297, 0.897747, 0.380892, 0.145011, -0.35594, 0.923189, 0.033318, 1.25099, -0.0342207)
bone_idx = 13

[node name="Hands Right" parent="Woman1Anim/Armature/Skeleton3D" index="5"]
transform = Transform3D(0.991633, -0.124806, -0.032952, 0.0710885, 0.741095, -0.667626, 0.107744, 0.659698, 0.743767, 0.145932, 0.67046, -0.336382)
bone_idx = 18

[node name="Arm Lower Right" parent="Woman1Anim/Armature/Skeleton3D" index="6"]
transform = Transform3D(0.970379, -0.113579, 0.213223, 0.224394, 0.750747, -0.62131, -0.0895089, 0.650751, 0.753996, -0.134159, 1.05456, 0.0387893)
bone_idx = 19

[node name="Arm Upper Right" parent="Woman1Anim/Armature/Skeleton3D" index="7"]
transform = Transform3D(0.993476, 0.112842, 0.0164781, -0.0828669, 0.81361, -0.575475, -0.0783442, 0.570355, 0.817653, 0.0119346, 1.28002, 0.181229)
bone_idx = 20

[node name="Torso Upper" parent="Woman1Anim/Armature/Skeleton3D" index="8"]
transform = Transform3D(0.999523, 0.0215177, -0.0221547, -0.0224415, 0.998851, -0.0423329, 0.0212183, 0.0428099, 0.998858, 0.01235, 0.935639, 0.0328261)
bone_idx = 21

[node name="Feet Left" parent="Woman1Anim/Armature/Skeleton3D" index="9"]
transform = Transform3D(0.881039, -0.0124115, 0.47288, 0.0401146, 0.998015, -0.0485419, -0.471338, 0.0617363, 0.879788, 0.204799, -1.43388, -0.453972)
bone_idx = 26

[node name="Leg Lower Left" parent="Woman1Anim/Armature/Skeleton3D" index="10"]
transform = Transform3D(0.900937, 0.158696, 0.40389, -0.0433867, 0.95901, -0.280029, -0.431774, 0.234765, 0.870894, 0.431615, -0.103009, -0.109581)
bone_idx = 27

[node name="Legs Upper Left" parent="Woman1Anim/Armature/Skeleton3D" index="11"]
transform = Transform3D(0.91124, -0.307869, 0.273602, 0.372042, 0.90026, -0.226085, -0.176708, 0.307809, 0.934894, 0.077548, -0.121591, -0.0380339)
bone_idx = 28

[node name="Feet Right" parent="Woman1Anim/Armature/Skeleton3D" index="12"]
transform = Transform3D(0.987306, 0.0135342, -0.158248, -0.0265662, 0.996398, -0.0805281, 0.156588, 0.0837096, 0.98411, -0.0426738, -1.45872, -0.254446)
bone_idx = 33

[node name="Leg Lower Right" parent="Woman1Anim/Armature/Skeleton3D" index="13"]
transform = Transform3D(0.978881, 0.115127, -0.168931, -0.145932, 0.972212, -0.183047, 0.143163, 0.203834, 0.968481, 0.126501, -0.0694597, 0.0422659)
bone_idx = 34

[node name="Legs Upper Right" parent="Woman1Anim/Armature/Skeleton3D" index="14"]
transform = Transform3D(0.996725, -0.0170104, -0.0790574, 0.00583414, 0.990204, -0.1395, 0.0806559, 0.138582, 0.987061, 0.0171163, -0.0586821, -0.00984669)
bone_idx = 35

[node name="Torso Lower" parent="Woman1Anim/Armature/Skeleton3D" index="15"]
transform = Transform3D(1, 4.65662e-10, -2.03727e-09, -4.65662e-10, 1, 7.07805e-08, 2.03727e-09, -7.07805e-08, 1, -2.56811e-09, 0.936643, 0.00791557)
bone_idx = 36

[node name="CollisionShape3D" type="CollisionShape3D" parent="."]
transform = Transform3D(1, 0, 0, 0, 1, 0, 0, 0, 1, -0.133924, 1.74338, -0.230516)
shape = SubResource("CapsuleShape3D_33uso")

[node name="StaticBodyInteraction" type="Area3D" parent="."]
transform = Transform3D(1, 0, 0, 0, 1, 0, 0, 0, 1, -0.212663, 0, 0.265329)
collision_layer = 8
script = ExtResource("3_u8csn")
prompt_message = "Talk"

[node name="CollisionShape3D" type="CollisionShape3D" parent="StaticBodyInteraction"]
transform = Transform3D(1, 0, 0, 0, 1, 0, 0, 0, 1, 0.0787395, 1.74338, -0.531831)
shape = SubResource("CapsuleShape3D_33uso")

[node name="NavigationAgent3D" type="NavigationAgent3D" parent="."]
avoidance_enabled = true
radius = 1.0
max_neighbors = 20
debug_enabled = true

[node name="Idle_Walking" type="Timer" parent="."]
one_shot = true

[editable path="Woman1Anim"]
