[gd_scene load_steps=5 format=3 uid="uid://ugcc6137wy8j"]

[ext_resource type="Script" path="res://Assets/Models/NPC/Man1/NPC.gd" id="1_xcfmj"]
[ext_resource type="PackedScene" uid="uid://cbgmd8r0ep6ms" path="res://Assets/Models/NPC/Baker/BakerAnim.blend" id="2_g1e0c"]
[ext_resource type="Script" path="res://Scenes/Interactable.gd" id="3_mbpe4"]

[sub_resource type="CapsuleShape3D" id="CapsuleShape3D_33uso"]
height = 2.36614

[node name="Baker" type="CharacterBody3D"]
script = ExtResource("1_xcfmj")

[node name="BakerAnim" parent="." instance=ExtResource("2_g1e0c")]

[node name="Armature" parent="BakerAnim" index="0"]
transform = Transform3D(0.033409, -0.0141552, -0.999342, -0.0338375, 0.99931, -0.015286, 0.998869, 0.034326, 0.032907, 0.0196745, 1.72121, 0.129789)

[node name="Skeleton3D" parent="BakerAnim/Armature" index="0"]
bones/1/rotation = Quaternion(-0.00867825, -0.0114346, -0.053753, 0.998451)
bones/2/rotation = Quaternion(0.0200086, -0.0237732, -0.0383299, 0.998782)
bones/3/rotation = Quaternion(-0.00196527, 0.0186594, 0.00405717, 0.999816)
bones/7/rotation = Quaternion(-0.92727, 0.0199241, -0.346514, 0.140363)
bones/8/rotation = Quaternion(1.45946e-07, -3.25156e-08, -0.0963789, 0.995345)
bones/9/rotation = Quaternion(-0.0913541, 0.0255419, 0.0336099, 0.994923)
bones/14/rotation = Quaternion(0.956999, 0.0560679, -0.227945, 0.170441)
bones/15/rotation = Quaternion(1.53903e-07, 1.51509e-07, -0.201067, 0.979577)
bones/16/rotation = Quaternion(0.051397, 0.0115187, -0.00878466, 0.998573)
bones/22/rotation = Quaternion(-0.971264, -0.218916, 0.0920649, 0.0156992)
bones/23/rotation = Quaternion(-0.0324851, 0.0349815, 0.490796, 0.869965)
bones/24/rotation = Quaternion(0.217745, 0.0957649, -0.618384, 0.749011)
bones/29/rotation = Quaternion(-0.99473, -0.0798018, -0.0638328, 0.00837774)
bones/30/rotation = Quaternion(-0.0173822, -0.028077, 0.135582, 0.990216)
bones/31/rotation = Quaternion(0.0788312, 0.226203, -0.686224, 0.686815)

[node name="Head" parent="BakerAnim/Armature/Skeleton3D" index="0"]
transform = Transform3D(0.525129, 0.0926492, -0.0199158, -0.093033, 0.525361, -0.00904165, 0.018038, 0.0123702, 0.533163, 0.0444241, 1.77458, -0.0170705)
bone_idx = 5

[node name="Neck" parent="BakerAnim/Armature/Skeleton3D" index="1"]
transform = Transform3D(0.980573, 0.181379, -0.0746871, -0.18291, 0.983028, -0.0141444, 0.070854, 0.0275306, 0.997107, -0.045519, 1.26849, -0.016253)
bone_idx = 6

[node name="Hands Left" parent="BakerAnim/Armature/Skeleton3D" index="2"]
transform = Transform3D(0.684465, 0.466252, -0.56046, -0.0844645, 0.814297, 0.574269, 0.724137, -0.345728, 0.596739, -0.625652, 0.55314, 0.0660273)
bone_idx = 11

[node name="Arm Lower Left" parent="BakerAnim/Armature/Skeleton3D" index="3"]
transform = Transform3D(0.719749, 0.38293, -0.579072, -0.0138915, 0.841895, 0.539463, 0.694095, -0.380233, 0.611272, -0.409743, 1.01066, -0.125433)
bone_idx = 12

[node name="Arm Upper Left" parent="BakerAnim/Armature/Skeleton3D" index="4"]
transform = Transform3D(0.726091, 0.418692, -0.545424, -0.202934, 0.888386, 0.411811, 0.65697, -0.188327, 0.730016, -0.259665, 1.21443, -0.116248)
bone_idx = 13

[node name="Hands Right" parent="BakerAnim/Armature/Skeleton3D" index="5"]
transform = Transform3D(0.797897, -0.0701269, 0.598701, 0.325862, 0.885756, -0.330531, -0.507123, 0.458824, 0.729595, -0.39374, 0.406658, -0.198855)
bone_idx = 18

[node name="Arm Lower Right" parent="BakerAnim/Armature/Skeleton3D" index="6"]
transform = Transform3D(0.79479, -0.024793, 0.606379, 0.303647, 0.881354, -0.361959, -0.52546, 0.471806, 0.70802, -0.416787, 0.938146, 0.0983311)
bone_idx = 19

[node name="Arm Upper Right" parent="BakerAnim/Armature/Skeleton3D" index="7"]
transform = Transform3D(0.897578, 0.182026, 0.401522, -0.0743492, 0.960236, -0.26911, -0.434541, 0.211694, 0.875421, -0.241242, 1.18115, 0.0690871)
bone_idx = 20

[node name="Torso Upper" parent="BakerAnim/Armature/Skeleton3D" index="8"]
transform = Transform3D(0.99396, 0.107538, -0.021901, -0.107141, 0.994071, 0.018559, 0.023767, -0.0161004, 0.999588, -0.09135, 0.907618, -0.000988039)
bone_idx = 21

[node name="Feet Left" parent="BakerAnim/Armature/Skeleton3D" index="9"]
transform = Transform3D(0.871748, 0.473147, 0.127229, -0.485108, 0.869934, 0.0887849, -0.0686733, -0.13912, 0.987891, -0.0884053, -1.38013, -0.0312681)
bone_idx = 26

[node name="Leg Lower Left" parent="BakerAnim/Armature/Skeleton3D" index="10"]
transform = Transform3D(0.86657, 0.489766, 0.0958397, -0.49464, 0.868398, 0.0348541, -0.0661569, -0.0776117, 0.994786, 0.607118, -0.148599, -0.137269)
bone_idx = 27

[node name="Legs Upper Left" parent="BakerAnim/Armature/Skeleton3D" index="11"]
transform = Transform3D(0.855256, -0.478558, 0.198794, 0.490703, 0.871216, -0.0138363, -0.166572, 0.109383, 0.979943, -0.0861043, -0.118028, -0.00637232)
bone_idx = 28

[node name="Feet Right" parent="BakerAnim/Armature/Skeleton3D" index="12"]
transform = Transform3D(0.996597, -0.0532345, -0.062927, 0.0541639, 0.998446, 0.0131333, 0.0621309, -0.0164967, 0.997931, -0.00304022, -1.52734, 0.0612482)
bone_idx = 33

[node name="Leg Lower Right" parent="BakerAnim/Armature/Skeleton3D" index="13"]
transform = Transform3D(0.996636, 0.0542606, -0.061418, -0.0505935, 0.996932, 0.0597226, 0.0644709, -0.0564141, 0.996323, 0.0806004, -0.120923, -0.0211897)
bone_idx = 34

[node name="Legs Upper Right" parent="BakerAnim/Armature/Skeleton3D" index="14"]
transform = Transform3D(0.965904, -0.225014, -0.128054, 0.226904, 0.973917, 0.00019001, 0.124671, -0.0292397, 0.991767, -0.112834, -0.116875, 0.00171569)
bone_idx = 35

[node name="Torso Lower" parent="BakerAnim/Armature/Skeleton3D" index="15"]
transform = Transform3D(1, 4.2055e-09, -1.60071e-09, -4.2055e-09, 1, 8.39063e-08, 1.60071e-09, -8.39063e-08, 1, -0.153397, 0.909699, 0.00858677)
bone_idx = 36

[node name="CollisionShape3D" type="CollisionShape3D" parent="."]
transform = Transform3D(1, 0, 0, 0, 1, 0, 0, 0, 1, -0.133924, 1.74338, -0.230516)
shape = SubResource("CapsuleShape3D_33uso")

[node name="StaticBodyInteraction" type="StaticBody3D" parent="."]
transform = Transform3D(1, 0, 0, 0, 1, 0, 0, 0, 1, -0.212663, 0, 0.265329)
collision_layer = 8
script = ExtResource("3_mbpe4")
Dialogue_Path = "res://Assets/Dialogues/TestDialogue.json"
prompt_message = "Talk"

[node name="CollisionShape3D" type="CollisionShape3D" parent="StaticBodyInteraction"]
transform = Transform3D(1, 0, 0, 0, 1, 0, 0, 0, 1, 0.0787395, 1.74338, -0.531831)
shape = SubResource("CapsuleShape3D_33uso")

[node name="NavigationAgent3D" type="NavigationAgent3D" parent="."]
avoidance_enabled = true
debug_enabled = true

[node name="Idle_Walking" type="Timer" parent="."]
one_shot = true

[editable path="BakerAnim"]
