[gd_scene load_steps=12 format=3 uid="uid://cuaeywdbin27w"]

[ext_resource type="Script" path="res://Scenes/Player/player.gd" id="1_x0tal"]
[ext_resource type="PackedScene" uid="uid://ccm5cl2x4l7rg" path="res://Assets/Models/Player/LittleRedCapAnim.blend" id="2_id4cr"]
[ext_resource type="Shader" path="res://Shader/camerapixelation.gdshader" id="3_hrreo"]
[ext_resource type="Script" path="res://Scenes/Player/InteractRay.gd" id="4_2l74s"]
[ext_resource type="AudioStream" uid="uid://dapgogsu1cbua" path="res://Assets/Sound/SoundEffects/Player/female-breathing-heavily.wav" id="5_5j5ia"]

[sub_resource type="CapsuleShape3D" id="CapsuleShape3D_p0fya"]

[sub_resource type="ShaderMaterial" id="ShaderMaterial_eo2um"]
render_priority = -1
shader = ExtResource("3_hrreo")

[sub_resource type="PlaneMesh" id="PlaneMesh_n2cv5"]
material = SubResource("ShaderMaterial_eo2um")

[sub_resource type="Animation" id="Animation_om646"]
resource_name = "Head Bob"
length = 0.6
tracks/0/type = "value"
tracks/0/imported = false
tracks/0/enabled = true
tracks/0/path = NodePath(".:position")
tracks/0/interp = 1
tracks/0/loop_wrap = true
tracks/0/keys = {
"times": PackedFloat32Array(0, 0.298152, 0.599563),
"transitions": PackedFloat32Array(1, 1, 1),
"update": 0,
"values": [Vector3(2.78191e-08, 0, -0.318214), Vector3(0, 0.2, -0.318), Vector3(2.78191e-08, 0, -0.318214)]
}

[sub_resource type="Animation" id="Animation_yk7vp"]
length = 0.001
tracks/0/type = "value"
tracks/0/imported = false
tracks/0/enabled = true
tracks/0/path = NodePath(".:position")
tracks/0/interp = 1
tracks/0/loop_wrap = true
tracks/0/keys = {
"times": PackedFloat32Array(0),
"transitions": PackedFloat32Array(1),
"update": 0,
"values": [Vector3(2.78191e-08, 0, -0.318214)]
}

[sub_resource type="AnimationLibrary" id="AnimationLibrary_qc3ug"]
_data = {
"Head Bob": SubResource("Animation_om646"),
"RESET": SubResource("Animation_yk7vp")
}

[node name="Player" type="CharacterBody3D"]
collision_mask = 9
script = ExtResource("1_x0tal")

[node name="LittleRedCapAnim" parent="." instance=ExtResource("2_id4cr")]
transform = Transform3D(-1, 0, -8.74228e-08, 0, 1, 0, 8.74228e-08, 0, -1, 0, 0, 0)

[node name="Armature" parent="LittleRedCapAnim" index="0"]
transform = Transform3D(-0.018318, 0.00596948, -0.999814, 0.0494026, 0.998766, 0.0050581, 0.998611, -0.0493008, -0.0185902, -0.0551388, 1.15843, 0.77675)

[node name="Skeleton3D" parent="LittleRedCapAnim/Armature" index="0"]
bones/1/rotation = Quaternion(0.00228269, 0.0227283, -0.0101127, 0.999688)
bones/2/rotation = Quaternion(0.0116575, 0.026099, -0.00115981, 0.999591)
bones/3/rotation = Quaternion(-0.00956946, -0.00518516, -0.00454246, 0.99993)
bones/9/rotation = Quaternion(-0.967647, 0.00783205, -0.0776733, 0.239928)
bones/10/rotation = Quaternion(-0.0821752, 0.140503, -0.00676942, 0.986641)
bones/11/rotation = Quaternion(-0.000308566, -0.00585681, -0.0875358, 0.996144)
bones/16/rotation = Quaternion(0.977613, -0.00558622, -0.0362383, 0.20719)
bones/17/rotation = Quaternion(0.0155832, -0.361244, -0.0104134, 0.932283)
bones/18/rotation = Quaternion(-0.06317, -0.08933, -0.275189, 0.955144)
bones/24/rotation = Quaternion(-0.927757, -0.372857, 0.00800743, 0.0134298)
bones/25/rotation = Quaternion(-0.0163607, -0.0672115, 0.467884, 0.881079)
bones/26/rotation = Quaternion(0.0970586, 0.0251815, -0.320828, 0.941815)
bones/31/rotation = Quaternion(-0.988869, -0.136913, -0.00885511, 0.0575723)
bones/32/rotation = Quaternion(0.0132952, -0.0235217, 0.263016, 0.964413)
bones/33/rotation = Quaternion(-0.117046, 0.0104498, -0.530308, 0.839622)

[node name="Hair" parent="LittleRedCapAnim/Armature/Skeleton3D" index="0"]
transform = Transform3D(0.994974, -0.0493042, 0.0871438, 0.0503659, 0.99868, -0.0100251, -0.0865346, 0.0143638, 0.996145, -0.765471, -1.10674, -0.0141647)
bone_idx = 5

[node name="Hat" parent="LittleRedCapAnim/Armature/Skeleton3D" index="1"]
transform = Transform3D(0.994974, -0.0493042, 0.0871438, 0.0503659, 0.99868, -0.0100251, -0.0865346, 0.0143638, 0.996145, -0.765471, -1.10674, -0.0141647)
bone_idx = 6

[node name="Head" parent="LittleRedCapAnim/Armature/Skeleton3D" index="2"]
transform = Transform3D(0.994974, -0.0493042, 0.0871438, 0.0503659, 0.99868, -0.0100251, -0.0865346, 0.0143638, 0.996145, -0.765471, -1.10674, -0.0141647)
bone_idx = 7

[node name="Neck" parent="LittleRedCapAnim/Armature/Skeleton3D" index="3"]
transform = Transform3D(0.995193, -0.0139629, 0.0969319, 0.0168883, 0.999424, -0.0294256, -0.0964652, 0.0309211, 0.994856, -0.868015, -1.10426, -0.0608183)
bone_idx = 8

[node name="HandLeft" parent="LittleRedCapAnim/Armature/Skeleton3D" index="4"]
transform = Transform3D(0.915148, 0.358063, -0.185188, 0.0262617, 0.405457, 0.913737, 0.402261, -0.841068, 0.36165, -1.81676, 0.759576, 1.28189)
bone_idx = 13

[node name="LowerArmLeft" parent="LittleRedCapAnim/Armature/Skeleton3D" index="5"]
transform = Transform3D(0.920484, 0.344431, -0.184597, -0.130768, 0.716639, 0.685076, 0.368251, -0.606461, 0.704696, -1.78973, -0.0640037, 1.15566)
bone_idx = 14

[node name="UpperArmLeft" parent="LittleRedCapAnim/Armature/Skeleton3D" index="6"]
transform = Transform3D(0.992292, 0.0726632, -0.100379, -0.0647403, 0.994686, 0.0800555, 0.105662, -0.0729398, 0.991724, -1.14758, -1.04088, 0.1739)
bone_idx = 15

[node name="HandRight" parent="LittleRedCapAnim/Armature/Skeleton3D" index="7"]
transform = Transform3D(0.618336, 0.598403, 0.509483, 0.325519, 0.395043, -0.859056, -0.715331, 0.697032, 0.0494777, -2.49841, 0.665481, -0.602563)
bone_idx = 20

[node name="LowerArmRight" parent="LittleRedCapAnim/Armature/Skeleton3D" index="8"]
transform = Transform3D(0.74197, 0.562133, 0.365359, -0.205447, 0.709382, -0.674217, -0.63818, 0.425187, 0.641828, -2.30308, -0.0574713, -0.662856)
bone_idx = 21

[node name="UpperArmRight" parent="LittleRedCapAnim/Armature/Skeleton3D" index="9"]
transform = Transform3D(0.993744, 0.0481105, 0.100782, -0.0323184, 0.987723, -0.152839, -0.106898, 0.148627, 0.983099, -1.05176, -1.01282, -0.344879)
bone_idx = 22

[node name="Torso" parent="LittleRedCapAnim/Armature/Skeleton3D" index="10"]
transform = Transform3D(0.998941, 0.010735, 0.0447382, -0.0100701, 0.999836, -0.0150616, -0.0448925, 0.0145952, 0.998885, -0.936161, -1.10162, -0.0233385)
bone_idx = 23

[node name="FeetLeft" parent="LittleRedCapAnim/Armature/Skeleton3D" index="11"]
transform = Transform3D(0.860154, 0.490994, 0.138057, -0.48319, 0.87112, -0.0876247, -0.163287, 0.00866306, 0.986538, -0.810784, -1.03655, 0.254894)
bone_idx = 28

[node name="LowerLegLeft" parent="LittleRedCapAnim/Armature/Skeleton3D" index="12"]
transform = Transform3D(0.986124, 0.0431814, 0.160296, -0.0902759, 0.949815, 0.299501, -0.139319, -0.309815, 0.940532, -0.707041, -0.874231, 0.30013)
bone_idx = 29

[node name="UpperLegLeft" parent="LittleRedCapAnim/Armature/Skeleton3D" index="13"]
transform = Transform3D(0.731069, -0.665901, -0.148707, 0.681686, 0.722118, 0.117687, 0.0290158, -0.187408, 0.981851, -0.20747, -0.852463, 0.193705)
bone_idx = 30

[node name="FeetRight" parent="LittleRedCapAnim/Armature/Skeleton3D" index="14"]
transform = Transform3D(0.996283, 0.0837785, 0.0200077, -0.0851144, 0.9932, 0.0794255, -0.0132175, -0.080834, 0.996638, -0.954763, -1.13017, -0.301845)
bone_idx = 35

[node name="LowerLegRight" parent="LittleRedCapAnim/Armature/Skeleton3D" index="15"]
transform = Transform3D(0.990828, 0.12532, -0.050536, -0.135126, 0.918944, -0.370516, 6.77258e-06, 0.373948, 0.927448, -0.926014, -0.872135, -0.364777)
bone_idx = 36

[node name="UpperLegRight" parent="LittleRedCapAnim/Armature/Skeleton3D" index="16"]
transform = Transform3D(0.965319, -0.25956, 0.028078, 0.254044, 0.909089, -0.330178, 0.0601757, 0.325861, 0.943499, -0.638817, -0.942341, -0.3415)
bone_idx = 37

[node name="skirt" parent="LittleRedCapAnim/Armature/Skeleton3D" index="17"]
transform = Transform3D(1, 9.4587e-11, 2.93949e-09, -9.45873e-11, 1, 8.03848e-08, -2.93949e-09, -8.03848e-08, 1, -0.914487, -1.10324, 0.000563968)
bone_idx = 38

[node name="Collision" type="CollisionShape3D" parent="."]
transform = Transform3D(2, 0, 0, 0, 2, 0, 0, 0, 2, 0.02679, 1.65326, 0)
shape = SubResource("CapsuleShape3D_p0fya")

[node name="Neck" type="Node3D" parent="."]
transform = Transform3D(1, 0, 0, 0, 1, 0, 0, 0, 1, 0, 2.94592, -0.318)

[node name="Camera3D" type="Camera3D" parent="Neck"]
transform = Transform3D(1, 0, 0, 0, 1, 0, 0, 0, 1, 2.78191e-08, 0, -0.318214)
current = true

[node name="MeshInstance3D" type="MeshInstance3D" parent="Neck/Camera3D"]
transform = Transform3D(2.4397, 0, 0, 0, -4.37114e-08, -1, 0, 1, -4.37114e-08, 0.0301274, -0.0447097, -0.181395)
mesh = SubResource("PlaneMesh_n2cv5")

[node name="InteractRay" type="RayCast3D" parent="Neck/Camera3D"]
target_position = Vector3(0, 0, -2)
collision_mask = 8
script = ExtResource("4_2l74s")

[node name="AnimationPlayer" type="AnimationPlayer" parent="Neck/Camera3D"]
libraries = {
"": SubResource("AnimationLibrary_qc3ug")
}

[node name="HeavyBreathing" type="AudioStreamPlayer" parent="."]
stream = ExtResource("5_5j5ia")
pitch_scale = 1.88
bus = &"SoundEffects"

[node name="BreathingTImer" type="Timer" parent="."]

[editable path="LittleRedCapAnim"]
