[gd_scene load_steps=5 format=3 uid="uid://dwdt6bm3xf5xn"]

[ext_resource type="PackedScene" uid="uid://bby5vx3df4ra7" path="res://Assets/Models/NPC/Kid2/Kid2Anim.blend" id="2_ph0wk"]
[ext_resource type="Script" path="res://Scenes/Interactable.gd" id="3_4xuoc"]

[sub_resource type="CapsuleShape3D" id="CapsuleShape3D_nm1yx"]
height = 3.98139

[sub_resource type="CapsuleShape3D" id="CapsuleShape3D_astq7"]
height = 4.01906

[node name="Kid2" type="CharacterBody3D"]
collision_layer = 0

[node name="Kid2Anim" parent="." instance=ExtResource("2_ph0wk")]
transform = Transform3D(-1, 0, -8.74228e-08, 0, 1, 0, 8.74228e-08, 0, -1, 0, 0, 0)

[node name="Armature" parent="Kid2Anim" index="0"]
transform = Transform3D(-0.680673, 0.0512249, -0.730794, 0.0775704, 0.996984, -0.0023669, 0.728469, -0.0582991, -0.682594, -0.0758748, 1.61617, 0.0903025)

[node name="Skeleton3D" parent="Kid2Anim/Armature" index="0"]
bones/1/rotation = Quaternion(0.0172991, 0.0598784, -0.0101692, 0.998004)
bones/2/rotation = Quaternion(-0.0147715, 0.042904, -0.0697536, 0.996532)
bones/3/rotation = Quaternion(-0.0147715, 0.0429044, -0.0697536, 0.996532)
bones/7/rotation = Quaternion(-0.966175, 0.166078, 0.147114, 0.131457)
bones/8/rotation = Quaternion(0.0124497, 0.0578682, -0.404979, 0.912408)
bones/9/rotation = Quaternion(0.162768, 0.140071, -0.0151329, 0.976554)
bones/14/rotation = Quaternion(0.922347, -0.283072, -0.0651741, 0.254752)
bones/15/rotation = Quaternion(0.0446995, 0.0291145, -0.359538, 0.931604)
bones/16/rotation = Quaternion(0.106754, -0.0646036, -0.101122, 0.987018)
bones/22/rotation = Quaternion(-0.968244, -0.210354, 0.0803093, 0.108649)
bones/23/rotation = Quaternion(-0.0438798, 0.120015, 0.305827, 0.943473)
bones/24/rotation = Quaternion(0.17775, 0.0540583, -0.648002, 0.738631)
bones/29/rotation = Quaternion(0.982885, 0.0101526, 0.127869, 0.132224)
bones/30/rotation = Quaternion(-0.0121955, 0.0771312, 0.301358, 0.950308)
bones/31/rotation = Quaternion(0.214946, 0.305752, -0.72828, 0.574388)

[node name="Head" parent="Kid2Anim/Armature/Skeleton3D" index="0"]
transform = Transform3D(0.487917, 0.148818, 0.156624, -0.155027, 0.510591, -0.00220019, -0.150481, -0.0434915, 0.510103, 0.0115932, 1.76785, -0.0251132)
bone_idx = 5

[node name="Neck" parent="Kid2Anim/Armature/Skeleton3D" index="1"]
transform = Transform3D(0.966226, 0.15466, 0.206125, -0.155176, 0.987791, -0.0137595, -0.205736, -0.0186909, 0.978429, -0.121779, 1.27297, 0.0254471)
bone_idx = 6

[node name="Hands Left" parent="Kid2Anim/Armature/Skeleton3D" index="2"]
transform = Transform3D(0.935354, -0.332556, -0.1205, 0.296489, 0.922911, -0.245619, 0.192893, 0.194014, 0.961847, -0.153822, -0.0492733, 0.16434)
bone_idx = 11

[node name="Arm Lower Left" parent="Kid2Anim/Armature/Skeleton3D" index="3"]
transform = Transform3D(0.901047, -0.427275, -0.074501, 0.430523, 0.860289, 0.273044, -0.0525726, -0.2781, 0.959112, -0.341378, 0.909852, 0.114359)
bone_idx = 12

[node name="Arm Upper Left" parent="Kid2Anim/Armature/Skeleton3D" index="4"]
transform = Transform3D(0.849507, 0.138252, 0.509141, -0.286724, 0.931077, 0.225579, -0.442863, -0.337613, 0.830596, 0.0336667, 1.16391, -0.0695871)
bone_idx = 13

[node name="Hands Right" parent="Kid2Anim/Armature/Skeleton3D" index="5"]
transform = Transform3D(0.827713, 0.0214348, 0.560742, 0.253889, 0.876838, -0.408284, -0.500431, 0.480308, 0.720329, -0.616428, 0.495223, -0.031706)
bone_idx = 18

[node name="Arm Lower Right" parent="Kid2Anim/Armature/Skeleton3D" index="6"]
transform = Transform3D(0.929879, 0.0579206, 0.363278, 0.0914328, 0.920148, -0.380747, -0.356322, 0.387264, 0.850331, -0.41019, 0.984073, 0.110493)
bone_idx = 19

[node name="Arm Upper Right" parent="Kid2Anim/Armature/Skeleton3D" index="7"]
transform = Transform3D(0.815549, 0.57555, 0.0601889, -0.570949, 0.817231, -0.0784303, -0.0943287, 0.0295992, 0.995102, -0.0564637, 1.05863, 0.0385479)
bone_idx = 20

[node name="Torso Upper" parent="Kid2Anim/Armature/Skeleton3D" index="8"]
transform = Transform3D(0.992622, 0.0223695, 0.119166, -0.0182261, 0.999195, -0.0357469, -0.119869, 0.0333112, 0.992231, -0.13936, 0.909128, 0.029107)
bone_idx = 21

[node name="Feet Left" parent="Kid2Anim/Armature/Skeleton3D" index="9"]
transform = Transform3D(0.996854, 0.0751476, -0.0251621, -0.0750337, 0.997169, 0.00520274, 0.0254806, -0.00329921, 0.99967, 0.10239, -1.43871, -0.346094)
bone_idx = 26

[node name="Leg Lower Left" parent="Kid2Anim/Armature/Skeleton3D" index="10"]
transform = Transform3D(0.987773, 0.146556, -0.0531262, -0.153484, 0.973902, -0.167212, 0.0272327, 0.173321, 0.984489, 0.311755, -0.0773194, -0.0898592)
bone_idx = 27

[node name="Legs Upper Left" parent="Kid2Anim/Armature/Skeleton3D" index="11"]
transform = Transform3D(0.868917, -0.446569, 0.213447, 0.486263, 0.85067, -0.199771, -0.0923619, 0.277376, 0.956312, -0.0858019, -0.149129, -0.0223942)
bone_idx = 28

[node name="Feet Right" parent="Kid2Anim/Armature/Skeleton3D" index="12"]
transform = Transform3D(0.874485, 0.0775752, -0.47881, -0.0668994, 0.996984, 0.0393415, 0.480415, -0.00237042, 0.877036, -0.423712, -1.39684, 0.36564)
bone_idx = 33

[node name="Leg Lower Right" parent="Kid2Anim/Armature/Skeleton3D" index="13"]
transform = Transform3D(0.769121, 0.532811, -0.352945, -0.417182, 0.836915, 0.354301, 0.484157, -0.125256, 0.865968, 0.336882, -0.28689, 0.181487)
bone_idx = 34

[node name="Legs Upper Right" parent="Kid2Anim/Armature/Skeleton3D" index="14"]
transform = Transform3D(0.966634, -0.0475213, -0.251716, 0.120585, 0.951372, 0.283462, 0.226005, -0.304358, 0.925358, -0.0988628, -0.170706, 0.0302732)
bone_idx = 35

[node name="Torso Lower" parent="Kid2Anim/Armature/Skeleton3D" index="15"]
transform = Transform3D(1, -1.32713e-08, -1.40863e-08, 1.32713e-08, 1, 8.19564e-08, 1.40863e-08, -8.19564e-08, 1, -0.153397, 0.909699, 0.00858676)
bone_idx = 36

[node name="CollisionShape3D" type="CollisionShape3D" parent="."]
transform = Transform3D(1, 0, 0, 0, 1, 0, 0, 0, 1, -0.133924, 1.74338, -0.230516)
shape = SubResource("CapsuleShape3D_nm1yx")

[node name="StaticBodyInteraction" type="Area3D" parent="."]
transform = Transform3D(1, 0, 0, 0, 1, 0, 0, 0, 1, -0.212663, 0, 0.265329)
collision_layer = 8
script = ExtResource("3_4xuoc")
Dialogue_Path = PackedStringArray("res://Assets/Dialogues/NPC/Kid2/Day1.json", "res://Assets/Dialogues/NPC/Kid2/Day2.json", "res://Assets/Dialogues/NPC/Kid2/Day3.json")
prompt_message = "Talk to Erwin"

[node name="CollisionShape3D" type="CollisionShape3D" parent="StaticBodyInteraction"]
transform = Transform3D(1, 0, 0, 0, 1, 0, 0, 0, 1, 0.0787395, 1.74338, -0.531831)
shape = SubResource("CapsuleShape3D_astq7")

[node name="NavigationAgent3D" type="NavigationAgent3D" parent="."]
avoidance_enabled = true
radius = 1.0
neighbor_distance = 20.0
debug_enabled = true

[node name="Idle_Walking" type="Timer" parent="."]
one_shot = true

[editable path="Kid2Anim"]
