[gd_scene load_steps=6 format=3 uid="uid://bcyui2hdgpun1"]

[ext_resource type="Script" path="res://Scenes/NPC/WeridGuy/weird_guy.gd" id="1_574v0"]
[ext_resource type="PackedScene" uid="uid://bkf3q1r1t3g8h" path="res://Assets/Models/NPC/WeirdGuy/WeirdGuyAnim.blend" id="2_3b272"]
[ext_resource type="Script" path="res://Scenes/Interactable.gd" id="3_n4ckf"]

[sub_resource type="CapsuleShape3D" id="CapsuleShape3D_5eoql"]
height = 3.96203

[sub_resource type="CapsuleShape3D" id="CapsuleShape3D_pbe8s"]
height = 4.00438

[node name="WeirdGuy" type="CharacterBody3D"]
script = ExtResource("1_574v0")

[node name="WeirdGuyAnim" parent="." instance=ExtResource("2_3b272")]
transform = Transform3D(-1, 0, -8.74228e-08, 0, 1, 0, 8.74228e-08, 0, -1, 0, 0, 0)

[node name="Armature" parent="WeirdGuyAnim" index="0"]
transform = Transform3D(0.152539, -0.136023, -0.978892, 0.104717, 0.987132, -0.12085, 0.982734, -0.0840718, 0.16482, 0.0580598, 1.70284, 0.143026)

[node name="Skeleton3D" parent="WeirdGuyAnim/Armature" index="0"]
bones/1/rotation = Quaternion(0.0015385, -0.0164814, -0.0165926, 0.999725)
bones/2/rotation = Quaternion(0.0020477, -0.0365628, -0.0607331, 0.997482)
bones/3/rotation = Quaternion(-0.00712615, -0.0212066, -0.0647445, 0.997651)
bones/7/rotation = Quaternion(-0.969001, -0.126272, -0.151641, 0.14865)
bones/8/rotation = Quaternion(2.56482e-07, -4.6474e-08, -0.285431, 0.958399)
bones/9/rotation = Quaternion(-0.0585891, 0.0591539, 0.073302, 0.993829)
bones/14/rotation = Quaternion(0.974999, 0.0820204, -0.0762767, 0.191913)
bones/15/rotation = Quaternion(1.18704e-07, 8.12212e-08, -0.396274, 0.918132)
bones/16/rotation = Quaternion(0.0564041, -0.0622878, 0.0852819, 0.992807)
bones/22/rotation = Quaternion(-0.994409, -0.0641495, 0.0531852, 0.0648601)
bones/23/rotation = Quaternion(0.0181002, -0.0835614, 0.224241, 0.970776)
bones/24/rotation = Quaternion(0.257098, 0.010768, -0.575023, 0.776617)
bones/29/rotation = Quaternion(-0.997338, -0.0426848, -0.0539234, 0.0242319)
bones/30/rotation = Quaternion(-0.00167471, 0.0500081, 0.228695, 0.972212)
bones/31/rotation = Quaternion(0.0225186, 0.178524, -0.752834, 0.633137)

[node name="Head" parent="WeirdGuyAnim/Armature/Skeleton3D" index="0"]
transform = Transform3D(0.506378, 0.149735, -0.0768237, -0.149525, 0.512081, 0.0124941, 0.0772299, 0.00967063, 0.527905, 0.0286543, 1.7688, -0.00507731)
bone_idx = 5

[node name="Neck" parent="WeirdGuyAnim/Armature/Skeleton3D" index="1"]
transform = Transform3D(0.982449, 0.153478, -0.106015, -0.154319, 0.988021, 0.00026543, 0.104786, 0.0160994, 0.994365, -0.111593, 1.27314, -0.000643522)
bone_idx = 6

[node name="Hands Left" parent="WeirdGuyAnim/Armature/Skeleton3D" index="2"]
transform = Transform3D(0.673407, -0.234295, -0.701162, 0.503327, 0.839979, 0.202722, 0.541465, -0.489428, 0.683574, -0.265155, 0.395532, 0.241101)
bone_idx = 11

[node name="Arm Lower Left" parent="WeirdGuyAnim/Armature/Skeleton3D" index="3"]
transform = Transform3D(0.621258, -0.340409, -0.705804, 0.650793, 0.725841, 0.222763, 0.436471, -0.597726, 0.67247, -0.452133, 0.861244, -0.0817712)
bone_idx = 12

[node name="Arm Upper Left" parent="WeirdGuyAnim/Armature/Skeleton3D" index="4"]
transform = Transform3D(0.916787, -0.0526258, -0.395895, 0.168044, 0.95009, 0.262852, 0.362303, -0.307506, 0.879872, -0.287525, 1.17555, -0.0597001)
bone_idx = 13

[node name="Hands Right" parent="WeirdGuyAnim/Armature/Skeleton3D" index="5"]
transform = Transform3D(0.674804, -0.425305, 0.603121, 0.578954, 0.811881, -0.075248, -0.457659, 0.399957, 0.794093, -0.172535, 0.35733, -0.20896)
bone_idx = 18

[node name="Arm Lower Right" parent="WeirdGuyAnim/Armature/Skeleton3D" index="6"]
transform = Transform3D(0.568196, -0.540411, 0.620572, 0.736814, 0.669909, -0.0912524, -0.366413, 0.509095, 0.778823, -0.467512, 0.789915, 0.0856488)
bone_idx = 19

[node name="Arm Upper Right" parent="WeirdGuyAnim/Armature/Skeleton3D" index="7"]
transform = Transform3D(0.984119, -0.0647793, 0.165268, 0.0986527, 0.973603, -0.205827, -0.147572, 0.218863, 0.964533, -0.220866, 1.15185, 0.0500108)
bone_idx = 20

[node name="Torso Upper" parent="WeirdGuyAnim/Armature/Skeleton3D" index="8"]
transform = Transform3D(0.998906, 0.0331254, -0.033005, -0.0332268, 0.999445, -0.00252912, 0.0329029, 0.00362301, 0.999452, -0.134518, 0.909724, 0.0103117)
bone_idx = 21

[node name="Feet Left" parent="WeirdGuyAnim/Armature/Skeleton3D" index="9"]
transform = Transform3D(0.836441, 0.286065, 0.467478, -0.231145, 0.95753, -0.172356, -0.496924, 0.03611, 0.86704, -0.141946, -1.53034, -0.280896)
bone_idx = 26

[node name="Leg Lower Left" parent="WeirdGuyAnim/Armature/Skeleton3D" index="10"]
transform = Transform3D(0.924373, 0.279878, 0.259237, -0.225601, 0.949023, -0.220131, -0.307629, 0.144999, 0.940393, 0.240459, -0.18226, -0.0432739)
bone_idx = 27

[node name="Legs Upper Left" parent="WeirdGuyAnim/Armature/Skeleton3D" index="11"]
transform = Transform3D(0.975166, -0.186646, 0.119227, 0.203385, 0.967772, -0.148497, -0.0876685, 0.169059, 0.981699, -0.120491, -0.141923, -0.0113193)
bone_idx = 28

[node name="Feet Right" parent="WeirdGuyAnim/Armature/Skeleton3D" index="12"]
transform = Transform3D(0.977726, 0.094559, -0.18738, -0.0689154, 0.987901, 0.138928, 0.198249, -0.12292, 0.972413, -0.222188, -1.512, -0.041929)
bone_idx = 33

[node name="Leg Lower Right" parent="WeirdGuyAnim/Armature/Skeleton3D" index="13"]
transform = Transform3D(0.932712, 0.311868, -0.181075, -0.315043, 0.949004, 0.0116789, 0.175482, 0.0461538, 0.9834, 0.231014, -0.163376, 0.0305917)
bone_idx = 34

[node name="Legs Upper Right" parent="WeirdGuyAnim/Armature/Skeleton3D" index="14"]
transform = Transform3D(0.9823, -0.15449, -0.105923, 0.152595, 0.987952, -0.0258099, 0.108634, 0.00918963, 0.994039, -0.122016, -0.111034, -0.000819236)
bone_idx = 35

[node name="Torso Lower" parent="WeirdGuyAnim/Armature/Skeleton3D" index="15"]
transform = Transform3D(1, -4.65661e-09, 6.28643e-09, 4.65661e-09, 1, 8.45175e-08, -6.28643e-09, -8.45176e-08, 1, -0.153397, 0.909699, 0.00858673)
bone_idx = 36

[node name="CollisionShape3D" type="CollisionShape3D" parent="."]
transform = Transform3D(1, 0, 0, 0, 1, 0, 0, 0, 1, -0.133924, 1.74338, -0.230516)
shape = SubResource("CapsuleShape3D_5eoql")

[node name="StaticBodyInteraction" type="Area3D" parent="."]
transform = Transform3D(1, 0, 0, 0, 1, 0, 0, 0, 1, -0.212663, 0, 0.265329)
collision_layer = 8
script = ExtResource("3_n4ckf")
prompt_message = "Talk"

[node name="CollisionShape3D" type="CollisionShape3D" parent="StaticBodyInteraction"]
transform = Transform3D(1, 0, 0, 0, 1, 0, 0, 0, 1, 0.0787395, 1.74338, -0.531831)
shape = SubResource("CapsuleShape3D_pbe8s")

[node name="NavigationAgent3D" type="NavigationAgent3D" parent="."]
avoidance_enabled = true
radius = 1.0
max_neighbors = 20
debug_enabled = true

[node name="Idle_Walking" type="Timer" parent="."]
one_shot = true

[editable path="WeirdGuyAnim"]
