[gd_scene load_steps=6 format=3 uid="uid://bcyui2hdgpun1"]

[ext_resource type="Script" path="res://Scenes/NPC/WeridGuy/weird_guy.gd" id="1_574v0"]
[ext_resource type="PackedScene" uid="uid://bkf3q1r1t3g8h" path="res://Assets/Models/NPC/WeirdGuy/WeirdGuyAnim.blend" id="2_3b272"]
[ext_resource type="Script" path="res://Scenes/Interactable.gd" id="3_n4ckf"]

[sub_resource type="CapsuleShape3D" id="CapsuleShape3D_5eoql"]
height = 3.96203

[sub_resource type="CapsuleShape3D" id="CapsuleShape3D_pbe8s"]
height = 4.00438

[node name="WeirdGuy" type="CharacterBody3D"]
script = ExtResource("1_574v0")

[node name="WeirdGuyAnim" parent="." instance=ExtResource("2_3b272")]
transform = Transform3D(-1, 0, -8.74228e-08, 0, 1, 0, 8.74228e-08, 0, -1, 0, 0, 0)

[node name="Armature" parent="WeirdGuyAnim" index="0"]
transform = Transform3D(0.158115, -0.100075, -0.982336, 0.0620285, 0.993893, -0.0912679, 0.98547, -0.046502, 0.163357, 0.039289, 1.64751, 0.129688)

[node name="Skeleton3D" parent="WeirdGuyAnim/Armature" index="0"]
bones/1/rotation = Quaternion(-0.00194769, 0.0161324, -0.079963, 0.996665)
bones/2/rotation = Quaternion(0.0211928, -0.00998211, 0.000973696, 0.999725)
bones/3/rotation = Quaternion(-0.0272692, -0.0137099, 0.0218178, 0.999296)
bones/7/rotation = Quaternion(-0.934936, -0.157734, -0.0144908, 0.317497)
bones/8/rotation = Quaternion(1.1678e-07, 1.68255e-08, -0.481415, 0.876493)
bones/9/rotation = Quaternion(-0.122587, -0.0862278, 0.0118198, 0.988634)
bones/14/rotation = Quaternion(0.96169, 0.10885, 0.159819, 0.194325)
bones/15/rotation = Quaternion(1.06496e-07, 1.2371e-07, -0.378873, 0.925449)
bones/16/rotation = Quaternion(0.0692171, -0.262425, 0.00207003, 0.962464)
bones/22/rotation = Quaternion(-0.942864, -0.244727, 0.196921, 0.111077)
bones/23/rotation = Quaternion(-0.0451537, -0.0592009, 0.598116, 0.797943)
bones/24/rotation = Quaternion(0.219296, 0.0429381, -0.708973, 0.668897)
bones/29/rotation = Quaternion(0.978611, 0.105705, 0.122013, 0.127511)
bones/30/rotation = Quaternion(-0.0200449, 0.0653047, 0.353414, 0.93297)
bones/31/rotation = Quaternion(0.15, 0.308284, -0.740581, 0.577928)

[node name="Head" parent="WeirdGuyAnim/Armature/Skeleton3D" index="0"]
transform = Transform3D(0.530009, 0.0614661, -0.00730327, -0.061311, 0.529966, 0.0108843, 0.00850713, -0.00997171, 0.53345, 0.0581797, 1.77188, -0.0268898)
bone_idx = 5

[node name="Neck" parent="WeirdGuyAnim/Armature/Skeleton3D" index="1"]
transform = Transform3D(0.987385, 0.158223, 0.00602595, -0.157893, 0.986749, -0.0373739, -0.0118595, 0.035951, 0.999283, -0.0033941, 1.26272, -0.00637309)
bone_idx = 6

[node name="Hands Left" parent="WeirdGuyAnim/Armature/Skeleton3D" index="2"]
transform = Transform3D(0.427494, -0.655996, -0.622026, 0.811148, 0.582112, -0.0564319, 0.399109, -0.480431, 0.780959, 0.00804803, 0.442156, 0.114082)
bone_idx = 11

[node name="Arm Lower Left" parent="WeirdGuyAnim/Armature/Skeleton3D" index="3"]
transform = Transform3D(0.392966, -0.68529, -0.613152, 0.735441, 0.634491, -0.237798, 0.552001, -0.35749, 0.753323, -0.381474, 0.636725, -0.130251)
bone_idx = 12

[node name="Arm Upper Left" parent="WeirdGuyAnim/Armature/Skeleton3D" index="4"]
transform = Transform3D(0.986838, -0.134918, -0.0891501, 0.130796, 0.990118, -0.0505884, 0.0950945, 0.0382627, 0.994732, -0.115305, 1.04538, 0.0141446)
bone_idx = 13

[node name="Hands Right" parent="WeirdGuyAnim/Armature/Skeleton3D" index="5"]
transform = Transform3D(0.694504, -0.453787, 0.558339, 0.446239, 0.880406, 0.160481, -0.564389, 0.137698, 0.813944, -0.113682, 0.128033, -0.0178128)
bone_idx = 18

[node name="Arm Lower Right" parent="WeirdGuyAnim/Armature/Skeleton3D" index="6"]
transform = Transform3D(0.677252, -0.68656, 0.264508, 0.725814, 0.682323, -0.0873424, -0.120514, 0.251137, 0.960421, -0.195306, 0.786872, -0.00789469)
bone_idx = 19

[node name="Arm Upper Right" parent="WeirdGuyAnim/Armature/Skeleton3D" index="7"]
transform = Transform3D(0.964767, -0.160828, -0.20823, 0.120813, 0.97385, -0.192408, 0.233729, 0.160472, 0.958969, 0.0297108, 1.14393, 0.0474358)
bone_idx = 20

[node name="Torso Upper" parent="WeirdGuyAnim/Armature/Skeleton3D" index="8"]
transform = Transform3D(0.986691, 0.15933, 0.0324685, -0.159456, 0.987204, 0.00130252, -0.0318455, -0.00646247, 0.999472, -0.0608614, 0.904081, 0.00519957)
bone_idx = 21

[node name="Feet Left" parent="WeirdGuyAnim/Armature/Skeleton3D" index="9"]
transform = Transform3D(0.743688, 0.325235, 0.584081, -0.398221, 0.917282, -0.0037168, -0.536971, -0.229833, 0.811687, -0.0946396, -1.26871, -0.123628)
bone_idx = 26

[node name="Leg Lower Left" parent="WeirdGuyAnim/Armature/Skeleton3D" index="10"]
transform = Transform3D(0.641825, 0.571762, 0.511029, -0.629004, 0.773711, -0.0756458, -0.438636, -0.272892, 0.856228, 0.718781, -0.20139, -0.502098)
bone_idx = 27

[node name="Legs Upper Left" parent="WeirdGuyAnim/Armature/Skeleton3D" index="11"]
transform = Transform3D(0.771249, -0.461487, 0.438412, 0.56422, 0.814474, -0.135229, -0.294669, 0.351657, 0.888542, -0.0436841, -0.137135, -0.0348872)
bone_idx = 28

[node name="Feet Right" parent="WeirdGuyAnim/Armature/Skeleton3D" index="12"]
transform = Transform3D(0.861253, 0.062032, -0.504378, -0.00708702, 0.993893, 0.110128, 0.508126, -0.0912723, 0.856432, -0.219934, -1.41789, 0.381648)
bone_idx = 33

[node name="Leg Lower Right" parent="WeirdGuyAnim/Armature/Skeleton3D" index="13"]
transform = Transform3D(0.814159, 0.462049, -0.351653, -0.360438, 0.876983, 0.31778, 0.45522, -0.131972, 0.880543, 0.437492, -0.233219, 0.183107)
bone_idx = 34

[node name="Legs Upper Right" parent="WeirdGuyAnim/Armature/Skeleton3D" index="14"]
transform = Transform3D(0.934161, -0.234941, -0.268602, 0.3031, 0.919651, 0.249743, 0.188346, -0.314714, 0.930312, -0.0831593, -0.165482, 0.0306516)
bone_idx = 35

[node name="Torso Lower" parent="WeirdGuyAnim/Armature/Skeleton3D" index="15"]
transform = Transform3D(1, -4.65661e-09, 6.28643e-09, 4.65661e-09, 1, 8.45175e-08, -6.28643e-09, -8.45176e-08, 1, -0.153397, 0.909699, 0.00858673)
bone_idx = 36

[node name="CollisionShape3D" type="CollisionShape3D" parent="."]
transform = Transform3D(1, 0, 0, 0, 1, 0, 0, 0, 1, -0.133924, 1.74338, -0.230516)
shape = SubResource("CapsuleShape3D_5eoql")

[node name="StaticBodyInteraction" type="Area3D" parent="."]
transform = Transform3D(1, 0, 0, 0, 1, 0, 0, 0, 1, -0.212663, 0, 0.265329)
collision_layer = 8
script = ExtResource("3_n4ckf")
Dialogue_Path = PackedStringArray("res://Assets/Dialogues/NPC/WeirdGuy/Day1.json", "res://Assets/Dialogues/NPC/WeirdGuy/Day2.json", "res://Assets/Dialogues/NPC/WeirdGuy/Day3.json")
prompt_message = "Talk to Wolf"

[node name="CollisionShape3D" type="CollisionShape3D" parent="StaticBodyInteraction"]
transform = Transform3D(1, 0, 0, 0, 1, 0, 0, 0, 1, 0.0787395, 1.74338, -0.531831)
shape = SubResource("CapsuleShape3D_pbe8s")

[node name="NavigationAgent3D" type="NavigationAgent3D" parent="."]
avoidance_enabled = true
radius = 1.0
max_neighbors = 20
debug_enabled = true

[node name="Idle_Walking" type="Timer" parent="."]
one_shot = true

[editable path="WeirdGuyAnim"]
