[gd_scene load_steps=5 format=3 uid="uid://ctp7rekoqtdgj"]

[ext_resource type="Script" path="res://Assets/Models/NPC/Man1/NPC.gd" id="1_temw5"]
[ext_resource type="PackedScene" uid="uid://cahqvoicff5yx" path="res://Assets/Models/NPC/Woman3/Woman3Anim.blend" id="2_tjgml"]
[ext_resource type="Script" path="res://Scenes/Interactable.gd" id="3_y41r0"]

[sub_resource type="CapsuleShape3D" id="CapsuleShape3D_33uso"]
height = 4.404

[node name="Woman3" type="CharacterBody3D"]
script = ExtResource("1_temw5")

[node name="Woman3Anim" parent="." instance=ExtResource("2_tjgml")]
transform = Transform3D(-1, 0, -8.74228e-08, 0, 1, 0, 8.74228e-08, 0, -1, 0, 0, 0)

[node name="Armature" parent="Woman3Anim" index="0"]
transform = Transform3D(0.0830471, 0.020557, -0.996334, 0.0163869, 0.999624, 0.0219908, 0.996411, -0.0181531, 0.082679, 0.00179008, 1.70201, -0.0125264)

[node name="Skeleton3D" parent="Woman3Anim/Armature" index="0"]
bones/1/rotation = Quaternion(-0.0154665, -0.00185081, -0.00934436, 0.999835)
bones/2/rotation = Quaternion(-0.00534512, -0.00158135, 0.0903718, 0.995893)
bones/3/rotation = Quaternion(-0.00345513, -0.00272854, 0.0234504, 0.999715)
bones/7/rotation = Quaternion(-0.981616, 0.00187002, -0.150293, 0.117641)
bones/8/rotation = Quaternion(3.74035e-08, 1.4195e-08, -0.0769075, 0.997038)
bones/9/rotation = Quaternion(-0.0140314, 0.00247352, -0.0172436, 0.99975)
bones/14/rotation = Quaternion(0.994914, -0.00549769, 0.0751837, 0.0668086)
bones/15/rotation = Quaternion(-4.67606e-08, -8.47953e-08, -0.125259, 0.992124)
bones/16/rotation = Quaternion(0.00684234, -0.103642, -0.126135, 0.986561)
bones/22/rotation = Quaternion(-0.996299, -0.0365637, 0.0676799, 0.0383456)
bones/23/rotation = Quaternion(0.0108408, -0.0181348, 0.159693, 0.986941)
bones/24/rotation = Quaternion(0.128609, 0.0146511, -0.667013, 0.733716)
bones/29/rotation = Quaternion(0.993992, -0.012926, 0.0977961, 0.0474255)
bones/30/rotation = Quaternion(-0.00791045, 0.0576238, 0.093301, 0.993938)
bones/31/rotation = Quaternion(-0.11466, -0.012554, -0.635897, 0.763106)

[node name="Head_001" parent="Woman3Anim/Armature/Skeleton3D" index="0"]
transform = Transform3D(0.521944, -0.110723, -0.00745508, 0.110955, 0.521341, 0.0251687, 0.00206121, -0.0261685, 0.532965, -0.102688, 1.79989, -0.0729475)
bone_idx = 5

[node name="Neck" parent="Woman3Anim/Armature/Skeleton3D" index="1"]
transform = Transform3D(0.986849, -0.161479, -0.00733267, 0.161644, 0.985981, 0.0413911, 0.000546105, -0.042032, 0.999116, 0.000485996, 1.29776, -0.0348895)
bone_idx = 6

[node name="Hands Left" parent="Woman3Anim/Armature/Skeleton3D" index="2"]
transform = Transform3D(0.931992, 0.00809543, -0.362388, 0.135851, 0.91908, 0.369914, 0.336058, -0.393988, 0.855476, -0.222823, 0.376653, 0.291991)
bone_idx = 11

[node name="Arm Lower Left" parent="Woman3Anim/Armature/Skeleton3D" index="3"]
transform = Transform3D(0.939449, 0.0842206, -0.332178, 0.103098, 0.85496, 0.508345, 0.326812, -0.511811, 0.794509, -0.169198, 1.00841, -0.0192802)
bone_idx = 12

[node name="Arm Upper Left" parent="Woman3Anim/Armature/Skeleton3D" index="4"]
transform = Transform3D(0.952907, 0.174007, -0.248375, -0.0476716, 0.894774, 0.443967, 0.299492, -0.411219, 0.860932, -0.0665815, 1.25019, -0.10961)
bone_idx = 13

[node name="Hands Right" parent="Woman3Anim/Armature/Skeleton3D" index="5"]
transform = Transform3D(0.893921, -0.352208, 0.277227, 0.42465, 0.863427, -0.272333, -0.143447, 0.361168, 0.921401, -0.0703034, 0.343595, -0.365562)
bone_idx = 18

[node name="Arm Lower Right" parent="Woman3Anim/Armature/Skeleton3D" index="6"]
transform = Transform3D(0.966868, -0.253781, 0.0275895, 0.230841, 0.823055, -0.518934, 0.108988, 0.508109, 0.854369, -0.0188057, 1.03209, -0.0313162)
bone_idx = 19

[node name="Arm Upper Right" parent="Woman3Anim/Armature/Skeleton3D" index="7"]
transform = Transform3D(0.987925, -0.0598961, -0.142885, -0.014655, 0.881986, -0.471048, 0.154236, 0.467454, 0.870459, 0.0585221, 1.27862, 0.106)
bone_idx = 20

[node name="Torso Upper" parent="Woman3Anim/Armature/Skeleton3D" index="8"]
transform = Transform3D(0.999819, 0.0187429, -0.00341196, -0.0186284, 0.999347, 0.0309626, 0.00399006, -0.0308934, 0.999515, 0.0108832, 0.936508, -0.0100713)
bone_idx = 21

[node name="Feet Left" parent="Woman3Anim/Armature/Skeleton3D" index="9"]
transform = Transform3D(0.981557, 0.032829, 0.188332, -0.035814, 0.999281, 0.012469, -0.187787, -0.0189841, 0.982026, -0.0217045, -1.48944, -0.1854)
bone_idx = 26

[node name="Leg Lower Left" parent="Woman3Anim/Armature/Skeleton3D" index="10"]
transform = Transform3D(0.967407, 0.194543, 0.162102, -0.171734, 0.974473, -0.144596, -0.186094, 0.112044, 0.976122, 0.25813, -0.131354, -0.0206838)
bone_idx = 27

[node name="Legs Upper Left" parent="Woman3Anim/Armature/Skeleton3D" index="11"]
transform = Transform3D(0.983576, -0.112394, 0.141227, 0.127413, 0.986568, -0.102218, -0.127841, 0.118533, 0.984686, 0.0358548, -0.105264, -0.0125973)
bone_idx = 28

[node name="Feet Right" parent="Woman3Anim/Armature/Skeleton3D" index="12"]
transform = Transform3D(0.943942, 0.0634984, -0.323947, -0.0718329, 0.997321, -0.013823, 0.322201, 0.0363184, 0.945974, -0.0612813, -1.49834, 0.216863)
bone_idx = 33

[node name="Leg Lower Right" parent="Woman3Anim/Armature/Skeleton3D" index="13"]
transform = Transform3D(0.9404, 0.171041, -0.293926, -0.123581, 0.977102, 0.173201, 0.31682, -0.126555, 0.940004, 0.182809, -0.135268, 0.0298904)
bone_idx = 34

[node name="Legs Upper Right" parent="Woman3Anim/Armature/Skeleton3D" index="14"]
transform = Transform3D(0.981064, -0.00782437, -0.193525, 0.0331008, 0.991257, 0.127726, 0.190834, -0.131714, 0.972745, 0.0390022, -0.111693, 0.0160446)
bone_idx = 35

[node name="Torso Lower" parent="Woman3Anim/Armature/Skeleton3D" index="15"]
transform = Transform3D(1, 4.65662e-10, -7.61065e-09, -4.65662e-10, 1, 8.25385e-08, 7.61065e-09, -8.25384e-08, 1, -1.73655e-09, 0.936643, 0.00791553)
bone_idx = 36

[node name="CollisionShape3D" type="CollisionShape3D" parent="."]
transform = Transform3D(1, 0, 0, 0, 1, 0, 0, 0, 1, -0.133924, 1.74338, -0.230516)
shape = SubResource("CapsuleShape3D_33uso")

[node name="StaticBodyInteraction" type="Area3D" parent="."]
transform = Transform3D(1, 0, 0, 0, 1, 0, 0, 0, 1, -0.212663, 0, 0.265329)
collision_layer = 8
script = ExtResource("3_y41r0")
prompt_message = "Talk"

[node name="CollisionShape3D" type="CollisionShape3D" parent="StaticBodyInteraction"]
transform = Transform3D(1, 0, 0, 0, 1, 0, 0, 0, 1, 0.0787395, 1.74338, -0.531831)
shape = SubResource("CapsuleShape3D_33uso")

[node name="NavigationAgent3D" type="NavigationAgent3D" parent="."]
avoidance_enabled = true
radius = 1.0
max_neighbors = 20
debug_enabled = true

[node name="Idle_Walking" type="Timer" parent="."]
one_shot = true

[editable path="Woman3Anim"]
