[gd_scene load_steps=5 format=3 uid="uid://ctp7rekoqtdgj"]

[ext_resource type="Script" path="res://Assets/Models/NPC/Man1/NPC.gd" id="1_temw5"]
[ext_resource type="PackedScene" uid="uid://cahqvoicff5yx" path="res://Assets/Models/NPC/Woman3/Woman3Anim.blend" id="2_tjgml"]
[ext_resource type="Script" path="res://Scenes/Interactable.gd" id="3_y41r0"]

[sub_resource type="CapsuleShape3D" id="CapsuleShape3D_33uso"]
height = 4.404

[node name="Woman3" type="CharacterBody3D"]
script = ExtResource("1_temw5")

[node name="Woman3Anim" parent="." instance=ExtResource("2_tjgml")]

[node name="Armature" parent="Woman3Anim" index="0"]
transform = Transform3D(0.172634, 0.0613911, -0.983071, 0.00491079, 0.99799, 0.0631851, 0.984974, -0.0157355, 0.171985, 0.0076411, 1.67779, -0.0115407)

[node name="Skeleton3D" parent="Woman3Anim/Armature" index="0"]
bones/1/rotation = Quaternion(0.0205334, -0.00625279, -0.0225956, 0.999514)
bones/2/rotation = Quaternion(-0.00034426, -0.0506876, 0.0399984, 0.997913)
bones/3/rotation = Quaternion(0.0162383, -0.00130352, -0.0201034, 0.999665)
bones/7/rotation = Quaternion(-0.97014, 0.0474936, -0.189288, 0.144021)
bones/8/rotation = Quaternion(2.05003e-07, -1.20205e-07, -0.311548, 0.95023)
bones/9/rotation = Quaternion(0.0160737, 0.161764, -0.178542, 0.970411)
bones/14/rotation = Quaternion(0.980525, -0.173304, -0.01811, 0.0906059)
bones/15/rotation = Quaternion(8.71159e-08, -7.06656e-08, -0.27997, 0.960009)
bones/16/rotation = Quaternion(0.0504619, -0.222126, -0.0634652, 0.971641)
bones/22/rotation = Quaternion(-0.983601, -0.178569, 0.00189786, 0.0252737)
bones/23/rotation = Quaternion(0.0555828, 0.0140901, 0.557622, 0.828112)
bones/24/rotation = Quaternion(0.161608, 0.0510524, -0.615936, 0.76935)
bones/29/rotation = Quaternion(-0.990308, -0.0493424, -0.102166, 0.0801142)
bones/30/rotation = Quaternion(-0.0059039, -0.0171209, 0.120822, 0.992509)
bones/31/rotation = Quaternion(-0.229731, -0.0403925, -0.628549, 0.741969)

[node name="Head_001" parent="Woman3Anim/Armature/Skeleton3D" index="0"]
transform = Transform3D(0.529969, 0.000697679, -0.0622372, -0.00519816, 0.53221, -0.0382979, 0.0620237, 0.0386428, 0.528584, 0.0350218, 1.81216, 0.0553049)
bone_idx = 5

[node name="Neck" parent="Woman3Anim/Armature/Skeleton3D" index="1"]
transform = Transform3D(0.992801, -0.0348748, -0.11459, 0.0305458, 0.99876, -0.0393194, 0.115819, 0.0355361, 0.992634, 0.0353419, 1.29833, 0.033925)
bone_idx = 6

[node name="Hands Left" parent="Woman3Anim/Armature/Skeleton3D" index="2"]
transform = Transform3D(0.39688, -0.298811, -0.86787, 0.556298, 0.830385, -0.0315078, 0.730081, -0.470289, 0.495791, -0.45255, 0.141456, 0.0591461)
bone_idx = 11

[node name="Arm Lower Left" parent="Woman3Anim/Armature/Skeleton3D" index="3"]
transform = Transform3D(0.779796, -0.0837263, -0.62041, 0.392192, 0.837777, 0.379888, 0.487958, -0.539555, 0.686132, -0.337793, 0.978567, -0.0676531)
bone_idx = 12

[node name="Arm Upper Left" parent="Woman3Anim/Armature/Skeleton3D" index="4"]
transform = Transform3D(0.911478, 0.307687, -0.273015, -0.20278, 0.913549, 0.352573, 0.357894, -0.266, 0.895073, -0.0402539, 1.24104, -0.0320789)
bone_idx = 13

[node name="Hands Right" parent="Woman3Anim/Armature/Skeleton3D" index="5"]
transform = Transform3D(0.826014, 0.036936, 0.562439, 0.236956, 0.882635, -0.405964, -0.511423, 0.468604, 0.720317, -0.492872, 0.433023, -0.217307)
bone_idx = 18

[node name="Arm Lower Right" parent="Woman3Anim/Armature/Skeleton3D" index="6"]
transform = Transform3D(0.98256, -0.089112, 0.163205, 0.166674, 0.811194, -0.560521, -0.0824415, 0.577947, 0.8119, -0.16418, 1.04239, 0.0289921)
bone_idx = 19

[node name="Arm Upper Right" parent="Woman3Anim/Armature/Skeleton3D" index="7"]
transform = Transform3D(0.922887, 0.338276, -0.183981, -0.384999, 0.801379, -0.457784, -0.00741932, 0.493315, 0.869819, 0.136004, 1.22846, 0.15137)
bone_idx = 20

[node name="Torso Upper" parent="Woman3Anim/Armature/Skeleton3D" index="8"]
transform = Transform3D(0.998901, 0.0449125, -0.0134274, -0.045426, 0.998136, -0.0407642, 0.0115716, 0.0413293, 0.999079, 0.0260372, 0.935236, 0.031966)
bone_idx = 21

[node name="Feet Left" parent="Woman3Anim/Armature/Skeleton3D" index="9"]
transform = Transform3D(0.729318, 0.683785, -0.0231245, -0.679651, 0.720205, -0.139208, -0.078534, 0.117244, 0.989993, -0.179699, -1.29994, -0.205171)
bone_idx = 26

[node name="Leg Lower Left" parent="Woman3Anim/Armature/Skeleton3D" index="10"]
transform = Transform3D(0.725091, 0.684628, -0.0743531, -0.684597, 0.704912, -0.185539, -0.0746124, 0.185434, 0.97982, 0.790217, -0.301237, 0.0612626)
bone_idx = 27

[node name="Legs Upper Left" parent="Woman3Anim/Armature/Skeleton3D" index="11"]
transform = Transform3D(0.917591, -0.396731, 0.0251182, 0.397449, 0.914342, -0.0775414, 0.00779646, 0.0811345, 0.996673, 0.0395059, -0.0955745, -0.00770791)
bone_idx = 28

[node name="Feet Right" parent="Woman3Anim/Armature/Skeleton3D" index="12"]
transform = Transform3D(0.969089, 0.00905319, -0.246542, -0.026695, 0.997306, -0.0683106, 0.24526, 0.0727805, 0.966721, 0.11766, -1.47793, -0.163851)
bone_idx = 33

[node name="Leg Lower Right" parent="Woman3Anim/Armature/Skeleton3D" index="13"]
transform = Transform3D(0.985093, 0.0686886, -0.157712, -0.0865274, 0.990248, -0.109182, 0.148675, 0.121201, 0.98143, 0.207491, -0.0654507, 0.0007746)
bone_idx = 34

[node name="Legs Upper Right" parent="Woman3Anim/Armature/Skeleton3D" index="14"]
transform = Transform3D(0.967374, -0.156287, -0.199404, 0.130119, 0.98181, -0.138263, 0.217386, 0.107806, 0.970114, 0.0531447, -0.0587205, -0.00439656)
bone_idx = 35

[node name="Torso Lower" parent="Woman3Anim/Armature/Skeleton3D" index="15"]
transform = Transform3D(1, 4.65662e-10, -7.61065e-09, -4.65662e-10, 1, 8.25385e-08, 7.61065e-09, -8.25384e-08, 1, -1.73655e-09, 0.936643, 0.00791553)
bone_idx = 36

[node name="CollisionShape3D" type="CollisionShape3D" parent="."]
transform = Transform3D(1, 0, 0, 0, 1, 0, 0, 0, 1, -0.133924, 1.74338, -0.230516)
shape = SubResource("CapsuleShape3D_33uso")

[node name="StaticBodyInteraction" type="StaticBody3D" parent="."]
transform = Transform3D(1, 0, 0, 0, 1, 0, 0, 0, 1, -0.212663, 0, 0.265329)
collision_layer = 8
script = ExtResource("3_y41r0")
Dialogue_Path = "res://Assets/Dialogues/TestDialogue.json"
prompt_message = "Talk"

[node name="CollisionShape3D" type="CollisionShape3D" parent="StaticBodyInteraction"]
transform = Transform3D(1, 0, 0, 0, 1, 0, 0, 0, 1, 0.0787395, 1.74338, -0.531831)
shape = SubResource("CapsuleShape3D_33uso")

[node name="NavigationAgent3D" type="NavigationAgent3D" parent="."]
avoidance_enabled = true
debug_enabled = true

[node name="Idle_Walking" type="Timer" parent="."]
one_shot = true

[editable path="Woman3Anim"]
