[gd_scene load_steps=5 format=3 uid="uid://btva27svqpyse"]

[ext_resource type="Script" path="res://Assets/Models/NPC/Man1/NPC.gd" id="1_ecirh"]
[ext_resource type="PackedScene" uid="uid://bsoby315wo12w" path="res://Assets/Models/NPC/Woman2/Woman2Anim.blend" id="2_jb0ds"]
[ext_resource type="Script" path="res://Scenes/Interactable.gd" id="3_many5"]

[sub_resource type="CapsuleShape3D" id="CapsuleShape3D_33uso"]
height = 4.404

[node name="Woman2" type="CharacterBody3D"]
script = ExtResource("1_ecirh")

[node name="Woman2Anim" parent="." instance=ExtResource("2_jb0ds")]
transform = Transform3D(-1, 0, -8.74228e-08, 0, 1, 0, 8.74228e-08, 0, -1, 0, 0, 0)

[node name="Armature" parent="Woman2Anim" index="0"]
transform = Transform3D(-0.081176, 0.0456465, -0.995654, 0.0135679, 0.998909, 0.0446895, 0.996608, -0.00988123, -0.0817067, 0.100194, 1.68944, -0.00563724)

[node name="Skeleton3D" parent="Woman2Anim/Armature" index="0"]
bones/1/rotation = Quaternion(0.0185374, 0.0128028, -0.0200591, 0.999545)
bones/2/rotation = Quaternion(0.0146177, 0.0053364, 0.0192384, 0.999694)
bones/3/rotation = Quaternion(0.0146177, 0.00533643, 0.0192384, 0.999694)
bones/7/rotation = Quaternion(-0.961726, 0.0296077, -0.244014, 0.121097)
bones/8/rotation = Quaternion(-0.000415884, -0.00559191, -0.0741901, 0.997228)
bones/9/rotation = Quaternion(0.0993437, -0.153685, -0.156916, 0.97051)
bones/14/rotation = Quaternion(0.947922, -0.065515, -0.306664, 0.0557599)
bones/15/rotation = Quaternion(0.000757956, 0.00866842, -0.0870955, 0.996162)
bones/16/rotation = Quaternion(-0.201887, 0.252909, -0.115184, 0.939155)
bones/22/rotation = Quaternion(-0.989459, -0.121915, 0.0258315, 0.073756)
bones/23/rotation = Quaternion(-0.0137814, -0.000169835, 0.155355, 0.987763)
bones/24/rotation = Quaternion(0.236378, -0.0775276, -0.563317, 0.787901)
bones/29/rotation = Quaternion(-0.997004, -0.00323023, -0.0591118, 0.0497751)
bones/30/rotation = Quaternion(0.0115529, -0.00073687, 0.0782754, 0.996865)
bones/31/rotation = Quaternion(-0.25937, 0.016276, -0.615663, 0.743923)

[node name="Head" parent="Woman2Anim/Armature/Skeleton3D" index="0"]
transform = Transform3D(0.532732, -0.0182866, 0.0245468, 0.0205767, 0.530753, -0.051177, -0.0226615, 0.0520393, 0.530584, 0.0189508, 1.81153, 0.0675258)
bone_idx = 5

[node name="Neck" parent="Woman2Anim/Armature/Skeleton3D" index="1"]
transform = Transform3D(0.999387, 0.002993, 0.0348799, -0.000650557, 0.997754, -0.0669761, -0.0350021, 0.0669124, 0.997144, 0.0345936, 1.29868, 0.0328452)
bone_idx = 6

[node name="Hands Left" parent="Woman2Anim/Armature/Skeleton3D" index="2"]
transform = Transform3D(0.892883, -0.307023, -0.329388, 0.368044, 0.919052, 0.141022, 0.259427, -0.247145, 0.933604, -0.172228, 0.216649, 0.318701)
bone_idx = 11

[node name="Arm Lower Left" parent="Woman2Anim/Armature/Skeleton3D" index="3"]
transform = Transform3D(0.886754, 0.23885, -0.39575, -0.0218333, 0.876841, 0.480285, 0.461726, -0.417254, 0.782757, -0.215639, 1.0232, -0.00100541)
bone_idx = 12

[node name="Arm Upper Left" parent="Woman2Anim/Armature/Skeleton3D" index="4"]
transform = Transform3D(0.884942, 0.31787, -0.340346, -0.168076, 0.899569, 0.403144, 0.434313, -0.299555, 0.849494, -0.0843462, 1.25918, -0.056063)
bone_idx = 13

[node name="Hands Right" parent="Woman2Anim/Armature/Skeleton3D" index="5"]
transform = Transform3D(0.930521, -0.282314, 0.2333, 0.328017, 0.925767, -0.188041, -0.162895, 0.251502, 0.95405, -0.134528, 0.207908, -0.429758)
bone_idx = 18

[node name="Arm Lower Right" parent="Woman2Anim/Armature/Skeleton3D" index="6"]
transform = Transform3D(0.802283, 0.391747, 0.450417, 0.00537281, 0.749769, -0.661677, -0.596919, 0.533273, 0.599423, -0.240647, 1.07796, 0.127262)
bone_idx = 19

[node name="Arm Upper Right" parent="Woman2Anim/Armature/Skeleton3D" index="7"]
transform = Transform3D(0.781727, 0.473413, 0.405935, -0.168432, 0.787021, -0.593489, -0.600445, 0.395574, 0.694973, -0.067701, 1.28447, 0.196718)
bone_idx = 20

[node name="Torso Upper" parent="Woman2Anim/Armature/Skeleton3D" index="8"]
transform = Transform3D(0.998867, 0.0405746, 0.0248503, -0.0396253, 0.998508, -0.0375715, -0.0263376, 0.0365442, 0.998985, 0.0238151, 0.935477, 0.0291799)
bone_idx = 21

[node name="Feet Left" parent="Woman2Anim/Armature/Skeleton3D" index="9"]
transform = Transform3D(0.925605, 0.0386966, 0.376507, -0.0126543, 0.997368, -0.0713949, -0.378277, 0.0613189, 0.923658, 0.269248, -1.48834, -0.305365)
bone_idx = 26

[node name="Leg Lower Left" parent="Woman2Anim/Armature/Skeleton3D" index="10"]
transform = Transform3D(0.997723, 0.00694761, 0.0670891, 0.0040012, 0.986834, -0.161683, -0.067329, 0.161583, 0.98456, 0.246368, -0.0908273, -0.0366419)
bone_idx = 27

[node name="Legs Upper Left" parent="Woman2Anim/Armature/Skeleton3D" index="11"]
transform = Transform3D(0.955928, -0.283063, 0.077948, 0.292488, 0.941209, -0.16904, -0.0255166, 0.184389, 0.982522, 0.0391768, -0.114317, -0.0191603)
bone_idx = 28

[node name="Feet Right" parent="Woman2Anim/Armature/Skeleton3D" index="12"]
transform = Transform3D(0.944237, 0.0216195, -0.328556, -0.0360032, 0.998638, -0.0377581, 0.327291, 0.0474817, 0.943729, 0.0345217, -1.49654, -0.0841502)
bone_idx = 33

[node name="Leg Lower Right" parent="Woman2Anim/Armature/Skeleton3D" index="13"]
transform = Transform3D(0.990215, 0.0805507, -0.113955, -0.0892382, 0.993308, -0.0733081, 0.107287, 0.0827599, 0.990777, 0.126814, -0.0797822, 0.0101473)
bone_idx = 34

[node name="Legs Upper Right" parent="Woman2Anim/Armature/Skeleton3D" index="14"]
transform = Transform3D(0.991149, -0.0580151, -0.119409, 0.0500504, 0.996384, -0.0686524, 0.12296, 0.0620682, 0.990468, 0.0286828, -0.0734063, -0.00403863)
bone_idx = 35

[node name="Torso Lower" parent="Woman2Anim/Armature/Skeleton3D" index="15"]
transform = Transform3D(1, 2.56114e-09, -4.36554e-11, -2.56114e-09, 1, 8.73115e-08, 4.36557e-11, -8.73115e-08, 1, 7.37245e-09, 0.936643, 0.00791554)
bone_idx = 36

[node name="CollisionShape3D" type="CollisionShape3D" parent="."]
transform = Transform3D(1, 0, 0, 0, 1, 0, 0, 0, 1, -0.133924, 1.74338, -0.230516)
shape = SubResource("CapsuleShape3D_33uso")

[node name="StaticBodyInteraction" type="Area3D" parent="."]
transform = Transform3D(1, 0, 0, 0, 1, 0, 0, 0, 1, -0.212663, 0, 0.265329)
collision_layer = 8
script = ExtResource("3_many5")
Dialogue_Path = PackedStringArray("res://Assets/Dialogues/NPC/Woman2/Day1.json", "res://Assets/Dialogues/NPC/Woman2/Day2.json", "res://Assets/Dialogues/NPC/Woman2/Day3.json")
prompt_message = "Talk to Rosaline"

[node name="CollisionShape3D" type="CollisionShape3D" parent="StaticBodyInteraction"]
transform = Transform3D(1, 0, 0, 0, 1, 0, 0, 0, 1, 0.0787395, 1.74338, -0.531831)
shape = SubResource("CapsuleShape3D_33uso")

[node name="NavigationAgent3D" type="NavigationAgent3D" parent="."]
avoidance_enabled = true
radius = 1.0
max_neighbors = 20
debug_enabled = true

[node name="Idle_Walking" type="Timer" parent="."]
one_shot = true

[editable path="Woman2Anim"]
