[gd_scene load_steps=5 format=3 uid="uid://btva27svqpyse"]

[ext_resource type="Script" path="res://Assets/Models/NPC/Man1/NPC.gd" id="1_ecirh"]
[ext_resource type="PackedScene" uid="uid://bsoby315wo12w" path="res://Assets/Models/NPC/Woman2/Woman2Anim.blend" id="2_jb0ds"]
[ext_resource type="Script" path="res://Scenes/Interactable.gd" id="3_many5"]

[sub_resource type="CapsuleShape3D" id="CapsuleShape3D_33uso"]
height = 4.404

[node name="Woman2" type="CharacterBody3D"]
script = ExtResource("1_ecirh")

[node name="Woman2Anim" parent="." instance=ExtResource("2_jb0ds")]

[node name="Armature" parent="Woman2Anim" index="0"]
transform = Transform3D(-0.172635, -0.0614782, -0.983065, 0.00491079, 0.997984, -0.0632735, 0.984974, -0.0157509, -0.171985, 0.00538167, 1.67873, -0.00936228)

[node name="Skeleton3D" parent="Woman2Anim/Armature" index="0"]
bones/1/rotation = Quaternion(-0.0205784, 0.00625259, -0.0225959, 0.999513)
bones/2/rotation = Quaternion(0.000344265, 0.0506876, 0.0399983, 0.997913)
bones/3/rotation = Quaternion(-0.0162383, 0.0013034, -0.0201034, 0.999665)
bones/7/rotation = Quaternion(-0.980525, 0.173304, -0.0181101, 0.0906058)
bones/8/rotation = Quaternion(-6.58227e-08, 5.74218e-08, -0.279969, 0.960009)
bones/9/rotation = Quaternion(-0.0504622, 0.222126, -0.0634653, 0.971641)
bones/14/rotation = Quaternion(0.97014, -0.0474937, -0.189288, 0.144021)
bones/15/rotation = Quaternion(-1.2219e-07, -7.4861e-08, -0.311548, 0.95023)
bones/16/rotation = Quaternion(-0.0160739, -0.161764, -0.178541, 0.970411)
bones/22/rotation = Quaternion(0.990248, 0.0507367, -0.102273, 0.0798483)
bones/23/rotation = Quaternion(0.00582013, 0.0174744, 0.123517, 0.992172)
bones/24/rotation = Quaternion(0.229087, 0.0393228, -0.62909, 0.741767)
bones/29/rotation = Quaternion(0.983598, 0.178591, 0.00181784, 0.0252397)
bones/30/rotation = Quaternion(-0.0555485, -0.0139584, 0.557592, 0.828137)
bones/31/rotation = Quaternion(-0.161676, -0.0511091, -0.61588, 0.769376)

[node name="Head" parent="Woman2Anim/Armature/Skeleton3D" index="0"]
transform = Transform3D(0.529969, 0.000697739, 0.062238, -0.00520388, 0.532206, 0.0383456, -0.062024, -0.0386908, 0.52858, 0.0308255, 1.80957, -0.0910752)
bone_idx = 5

[node name="Neck" parent="Woman2Anim/Armature/Skeleton3D" index="1"]
transform = Transform3D(0.9928, -0.0348746, 0.114591, 0.0305352, 0.998756, 0.039409, -0.115823, -0.0356262, 0.99263, 0.0342824, 1.29796, -0.0431876)
bone_idx = 6

[node name="Hands Left" parent="Woman2Anim/Armature/Skeleton3D" index="2"]
transform = Transform3D(0.826015, 0.0369364, -0.562436, 0.237, 0.882593, 0.40603, 0.511399, -0.468684, 0.720281, -0.485105, 0.428119, 0.221061)
bone_idx = 11

[node name="Arm Lower Left" parent="Woman2Anim/Armature/Skeleton3D" index="3"]
transform = Transform3D(0.98256, -0.0891119, -0.163202, 0.166679, 0.811142, 0.560594, 0.0824242, -0.578019, 0.811849, -0.166119, 1.05023, -0.00502753)
bone_idx = 12

[node name="Arm Upper Left" parent="Woman2Anim/Armature/Skeleton3D" index="4"]
transform = Transform3D(0.922887, 0.338275, 0.183982, -0.384999, 0.801335, 0.457862, 0.00745223, -0.493388, 0.869777, 0.138576, 1.23494, -0.126669)
bone_idx = 13

[node name="Hands Right" parent="Woman2Anim/Armature/Skeleton3D" index="5"]
transform = Transform3D(0.39688, -0.298809, 0.86787, 0.556232, 0.830428, 0.0315507, -0.730131, 0.470215, 0.495788, -0.464073, 0.141577, -0.0523401)
bone_idx = 18

[node name="Arm Lower Right" parent="Woman2Anim/Armature/Skeleton3D" index="6"]
transform = Transform3D(0.779796, -0.0837245, 0.62041, 0.392148, 0.837825, -0.379827, -0.487994, 0.539481, 0.686165, -0.329547, 0.974187, 0.0899901)
bone_idx = 19

[node name="Arm Upper Right" parent="Woman2Anim/Armature/Skeleton3D" index="7"]
transform = Transform3D(0.911477, 0.307688, 0.273016, -0.202813, 0.913573, -0.352493, -0.357878, 0.265918, 0.895104, -0.0365235, 1.23701, 0.0571082)
bone_idx = 20

[node name="Torso Upper" parent="Woman2Anim/Armature/Skeleton3D" index="8"]
transform = Transform3D(0.9989, 0.0449125, 0.0134291, -0.0454271, 0.998132, 0.0408543, -0.0115691, -0.0414194, 0.999075, 0.0262497, 0.935879, -0.0162019)
bone_idx = 21

[node name="Feet Left" parent="Woman2Anim/Armature/Skeleton3D" index="9"]
transform = Transform3D(0.969075, 0.00980784, 0.246569, -0.0279755, 0.997134, 0.0702897, -0.245173, -0.0750138, 0.966572, 0.114614, -1.47829, 0.163672)
bone_idx = 26

[node name="Leg Lower Left" parent="Woman2Anim/Armature/Skeleton3D" index="10"]
transform = Transform3D(0.985044, 0.0712271, 0.156892, -0.0889697, 0.990037, 0.109135, -0.147556, -0.121461, 0.981567, 0.209232, -0.0670132, -0.00131729)
bone_idx = 27

[node name="Legs Upper Left" parent="Woman2Anim/Armature/Skeleton3D" index="11"]
transform = Transform3D(0.966916, -0.158984, 0.199491, 0.132899, 0.98147, 0.138032, -0.217739, -0.106953, 0.970129, 0.0507081, -0.0606099, 0.00472967)
bone_idx = 28

[node name="Feet Right" parent="Woman2Anim/Armature/Skeleton3D" index="12"]
transform = Transform3D(0.729319, 0.683784, 0.0231256, -0.679642, 0.720195, 0.139296, 0.0785932, -0.117308, 0.98998, -0.179912, -1.30191, 0.205159)
bone_idx = 33

[node name="Leg Lower Right" parent="Woman2Anim/Armature/Skeleton3D" index="13"]
transform = Transform3D(0.725181, 0.684545, 0.0742359, -0.684496, 0.705018, 0.185504, 0.0746482, -0.185339, 0.979835, 0.789214, -0.303644, -0.0610007)
bone_idx = 34

[node name="Legs Upper Right" parent="Woman2Anim/Armature/Skeleton3D" index="14"]
transform = Transform3D(0.917574, -0.396781, -0.0249513, 0.397485, 0.914329, 0.0775013, -0.00793738, -0.081031, 0.99668, 0.0398163, -0.0966118, 0.00774297)
bone_idx = 35

[node name="Torso Lower" parent="Woman2Anim/Armature/Skeleton3D" index="15"]
transform = Transform3D(1, 2.56114e-09, -4.36554e-11, -2.56114e-09, 1, 8.73115e-08, 4.36557e-11, -8.73115e-08, 1, 7.37245e-09, 0.936643, 0.00791554)
bone_idx = 36

[node name="CollisionShape3D" type="CollisionShape3D" parent="."]
transform = Transform3D(1, 0, 0, 0, 1, 0, 0, 0, 1, -0.133924, 1.74338, -0.230516)
shape = SubResource("CapsuleShape3D_33uso")

[node name="StaticBodyInteraction" type="StaticBody3D" parent="."]
transform = Transform3D(1, 0, 0, 0, 1, 0, 0, 0, 1, -0.212663, 0, 0.265329)
collision_layer = 8
script = ExtResource("3_many5")
Dialogue_Path = "res://Assets/Dialogues/TestDialogue.json"
prompt_message = "Talk"

[node name="CollisionShape3D" type="CollisionShape3D" parent="StaticBodyInteraction"]
transform = Transform3D(1, 0, 0, 0, 1, 0, 0, 0, 1, 0.0787395, 1.74338, -0.531831)
shape = SubResource("CapsuleShape3D_33uso")

[node name="NavigationAgent3D" type="NavigationAgent3D" parent="."]
avoidance_enabled = true
debug_enabled = true

[node name="Idle_Walking" type="Timer" parent="."]
one_shot = true

[editable path="Woman2Anim"]
