[gd_scene load_steps=6 format=3 uid="uid://yv8sartdqh20"]

[ext_resource type="Script" path="res://Scenes/NPC/Kid1/kids.gd" id="1_1l6td"]
[ext_resource type="PackedScene" uid="uid://hrp2hgl0ur3w" path="res://Assets/Models/NPC/Kid1/Kid1Anim.blend" id="2_n1h2i"]
[ext_resource type="Script" path="res://Scenes/Interactable.gd" id="3_fwocl"]

[sub_resource type="CapsuleShape3D" id="CapsuleShape3D_q2m3x"]
height = 2.36614

[sub_resource type="CapsuleShape3D" id="CapsuleShape3D_82di0"]
height = 2.36614

[node name="Kid1" type="CharacterBody3D"]
collision_layer = 0
script = ExtResource("1_1l6td")

[node name="Kid1Anim" parent="." instance=ExtResource("2_n1h2i")]
transform = Transform3D(-1, 0, -8.74228e-08, 0, 1, 0, 8.74228e-08, 0, -1, 0, 0, 0)

[node name="Armature" parent="Kid1Anim" index="0"]
transform = Transform3D(0.0275175, 0.0114336, -0.605538, -0.010746, 0.606076, 0.0109554, 0.60555, 0.0102358, 0.0277113, 0.0129465, 1.00451, 0.074624)

[node name="Skeleton3D" parent="Kid1Anim/Armature" index="0"]
bones/1/rotation = Quaternion(0.0282254, 0.0115097, -0.0377172, 0.998824)
bones/2/rotation = Quaternion(-0.0107028, 3.18024e-05, 0.00965178, 0.999896)
bones/3/rotation = Quaternion(-0.0107028, 3.19197e-05, 0.0096518, 0.999896)
bones/7/rotation = Quaternion(-0.994179, -0.0631341, -0.0546322, 0.0681041)
bones/8/rotation = Quaternion(-0.0848431, 0.205271, -0.22719, 0.948183)
bones/9/rotation = Quaternion(0.104929, 0.168586, -0.0738508, 0.9773)
bones/14/rotation = Quaternion(0.99301, -0.0427541, 0.0827141, 0.0725404)
bones/15/rotation = Quaternion(0.112607, -0.149194, -0.176381, 0.966411)
bones/16/rotation = Quaternion(-0.0551608, -0.190385, -0.0117097, 0.980089)
bones/22/rotation = Quaternion(-0.978415, -0.190203, 0.0679523, 0.0437049)
bones/23/rotation = Quaternion(-0.00778925, 0.010652, 0.55275, 0.833242)
bones/24/rotation = Quaternion(0.224002, 0.0871283, -0.641913, 0.728135)
bones/29/rotation = Quaternion(-0.993369, -0.083832, -0.0754449, 0.0223397)
bones/30/rotation = Quaternion(0.0181014, -0.0693725, 0.162625, 0.98408)
bones/31/rotation = Quaternion(0.0499771, 0.200976, -0.6958, 0.687731)

[node name="Head" parent="Kid1Anim/Armature/Skeleton3D" index="0"]
transform = Transform3D(0.53311, 0.0194803, 0.012486, -0.0193021, 0.533206, -0.00776208, -0.0127599, 0.00730314, 0.533409, -0.0641346, 1.78308, 0.0415652)
bone_idx = 5

[node name="Neck" parent="Kid1Anim/Armature/Skeleton3D" index="1"]
transform = Transform3D(0.998165, 0.056275, 0.0223422, -0.0554513, 0.997815, -0.0359197, -0.0243147, 0.0346149, 0.999105, -0.0835698, 1.26967, 0.0468412)
bone_idx = 6

[node name="Hands Left" parent="Kid1Anim/Armature/Skeleton3D" index="2"]
transform = Transform3D(0.478057, -0.185225, -0.858576, 0.44784, 0.892304, 0.0568571, 0.75558, -0.411685, 0.509523, -0.606077, 0.167734, 0.188426)
bone_idx = 11

[node name="Arm Lower Left" parent="Kid1Anim/Armature/Skeleton3D" index="3"]
transform = Transform3D(0.750695, 0.0294503, -0.659993, 0.420185, 0.749623, 0.51138, 0.509806, -0.661209, 0.550363, -0.470822, 1.02644, -0.0993334)
bone_idx = 12

[node name="Arm Upper Left" parent="Kid1Anim/Armature/Skeleton3D" index="4"]
transform = Transform3D(0.994412, 0.00530872, -0.105433, 0.0372015, 0.917044, 0.397049, 0.0987944, -0.398752, 0.911721, -0.15586, 1.24502, -0.0252534)
bone_idx = 13

[node name="Hands Right" parent="Kid1Anim/Armature/Skeleton3D" index="5"]
transform = Transform3D(0.831038, 0.0805519, 0.550352, 0.232151, 0.848922, -0.474803, -0.505452, 0.522344, 0.686787, -0.564178, 0.463733, -0.316629)
bone_idx = 18

[node name="Arm Lower Right" parent="Kid1Anim/Armature/Skeleton3D" index="6"]
transform = Transform3D(0.967702, -0.0164657, 0.251557, 0.20221, 0.64659, -0.735549, -0.150543, 0.76266, 0.629037, -0.282888, 1.10098, 0.134899)
bone_idx = 19

[node name="Arm Upper Right" parent="Kid1Anim/Armature/Skeleton3D" index="7"]
transform = Transform3D(0.977621, 0.0681154, -0.199044, -0.155748, 0.870371, -0.467117, 0.141424, 0.487663, 0.861502, -0.00817072, 1.2196, 0.158336)
bone_idx = 20

[node name="Torso Upper" parent="Kid1Anim/Armature/Skeleton3D" index="8"]
transform = Transform3D(0.99689, 0.0759953, 0.0208629, -0.0746959, 0.995562, -0.0572525, -0.0251212, 0.0555161, 0.998142, -0.10925, 0.90747, 0.0409436)
bone_idx = 21

[node name="Feet Left" parent="Kid1Anim/Armature/Skeleton3D" index="9"]
transform = Transform3D(0.788511, 0.598344, 0.142262, -0.599595, 0.799368, -0.0386469, -0.136843, -0.0548276, 0.989074, -0.256527, -1.32986, -0.11513)
bone_idx = 26

[node name="Leg Lower Left" parent="Kid1Anim/Armature/Skeleton3D" index="10"]
transform = Transform3D(0.740941, 0.66436, 0.0981631, -0.659689, 0.747393, -0.0788028, -0.125719, -0.00637031, 0.992045, 0.685978, -0.276619, -0.12003)
bone_idx = 27

[node name="Legs Upper Left" parent="Kid1Anim/Armature/Skeleton3D" index="11"]
transform = Transform3D(0.890341, -0.42579, 0.161233, 0.442241, 0.892959, -0.0839397, -0.108234, 0.146039, 0.98334, -0.0966293, -0.130673, -0.00919944)
bone_idx = 28

[node name="Feet Right" parent="Kid1Anim/Armature/Skeleton3D" index="12"]
transform = Transform3D(0.999822, -0.0177714, 0.00627974, 0.0178365, 0.99979, -0.0101372, -0.0060963, 0.0102476, 0.999929, -0.0314058, -1.51811, -0.0341406)
bone_idx = 33

[node name="Leg Lower Right" parent="Kid1Anim/Armature/Skeleton3D" index="13"]
transform = Transform3D(0.995993, 0.0893552, 0.00363238, -0.0891188, 0.995119, -0.0423771, -0.0073994, 0.0418841, 0.999095, 0.102533, -0.103467, 0.0275084)
bone_idx = 34

[node name="Legs Upper Right" parent="Kid1Anim/Armature/Skeleton3D" index="14"]
transform = Transform3D(0.96073, -0.234204, -0.148816, 0.232341, 0.972171, -0.0300246, 0.151707, -0.00573079, 0.988409, -0.10796, -0.11076, 0.000404656)
bone_idx = 35

[node name="Torso Lower" parent="Kid1Anim/Armature/Skeleton3D" index="15"]
transform = Transform3D(1, -2.67755e-09, 5.82072e-11, 2.67755e-09, 1, 7.46513e-08, -5.82075e-11, -7.46513e-08, 1, -0.153397, 0.909699, 0.00858675)
bone_idx = 36

[node name="CollisionShape3D" type="CollisionShape3D" parent="."]
transform = Transform3D(1, 0, 0, 0, 1, 0, 0, 0, 1, -0.133924, 0.897922, -0.230516)
shape = SubResource("CapsuleShape3D_q2m3x")

[node name="StaticBodyInteraction" type="Area3D" parent="."]
transform = Transform3D(1, 0, 0, 0, 1, 0, 0, 0, 1, -0.212663, 0, 0.265329)
collision_layer = 8
script = ExtResource("3_fwocl")
Dialogue_Path = "res://Assets/Dialogues/TestDialogue.json"
prompt_message = "Talk"

[node name="CollisionShape3D" type="CollisionShape3D" parent="StaticBodyInteraction"]
transform = Transform3D(1, 0, 0, 0, 1, 0, 0, 0, 1, 0.0787395, 0.890694, -0.531831)
shape = SubResource("CapsuleShape3D_82di0")

[node name="NavigationAgent3D" type="NavigationAgent3D" parent="."]
avoidance_enabled = true
radius = 1.0
max_neighbors = 20

[node name="Idle_Walking" type="Timer" parent="."]
one_shot = true

[editable path="Kid1Anim"]
