[gd_scene load_steps=5 format=3 uid="uid://d3ja2j7jxw2hi"]

[ext_resource type="Script" path="res://Assets/Models/NPC/Man1/NPC.gd" id="1_s8qvq"]
[ext_resource type="PackedScene" uid="uid://g6dhhbevbw76" path="res://Assets/Models/NPC/Man5/Man5Anim.blend" id="2_5ywna"]
[ext_resource type="Script" path="res://Scenes/Interactable.gd" id="3_55q7y"]

[sub_resource type="CapsuleShape3D" id="CapsuleShape3D_33uso"]
height = 4.404

[node name="Man5" type="CharacterBody3D"]
script = ExtResource("1_s8qvq")

[node name="Man5Anim" parent="." instance=ExtResource("2_5ywna")]
transform = Transform3D(-1, 0, -8.74228e-08, 0, 1, 0, 8.74228e-08, 0, -1, 0, 0, 0)

[node name="Armature" parent="Man5Anim" index="0"]
transform = Transform3D(-0.0226401, 0.0214567, -0.999513, 0.0553571, 0.998262, 0.020176, 0.99821, -0.0548733, -0.0237885, 0.0077869, 1.70022, 0.14297)

[node name="Skeleton3D" parent="Man5Anim/Armature" index="0"]
bones/1/rotation = Quaternion(0.00116029, -0.00317906, -0.0121283, 0.999921)
bones/2/rotation = Quaternion(-0.00277003, -0.0379169, -0.0363708, 0.998615)
bones/3/rotation = Quaternion(-0.0118207, 0.0171684, -0.00700705, 0.999758)
bones/7/rotation = Quaternion(-0.956034, 0.0629933, -0.257585, 0.125222)
bones/8/rotation = Quaternion(-3.19256e-07, 4.4054e-08, -0.248398, 0.968658)
bones/9/rotation = Quaternion(-0.0779108, -0.0417863, 0.115055, 0.989417)
bones/14/rotation = Quaternion(0.969642, -0.052529, -0.201411, 0.128328)
bones/15/rotation = Quaternion(-8.71892e-08, 2.25047e-07, -0.274877, 0.96148)
bones/16/rotation = Quaternion(-0.0100165, 0.038445, 0.143616, 0.988836)
bones/22/rotation = Quaternion(-0.996682, -0.0575727, 0.0410264, 0.040341)
bones/23/rotation = Quaternion(0.0140266, -0.0811063, 0.231973, 0.969234)
bones/24/rotation = Quaternion(0.217301, 0.0192043, -0.687798, 0.692348)
bones/29/rotation = Quaternion(0.994438, 0.0527762, 0.0817806, 0.0402377)
bones/30/rotation = Quaternion(-0.00693257, 0.0269805, 0.204789, 0.97841)
bones/31/rotation = Quaternion(0.118458, 0.257022, -0.697938, 0.657868)

[node name="Head" parent="Man5Anim/Armature/Skeleton3D" index="0"]
transform = Transform3D(0.529681, 0.0599976, -0.024073, -0.0593691, 0.530091, 0.0148482, 0.0255837, -0.0120605, 0.532861, -0.066646, 1.78369, -0.0262323)
bone_idx = 5

[node name="Neck" parent="Man5Anim/Armature/Skeleton3D" index="1"]
transform = Transform3D(0.991925, 0.0970285, -0.08167, -0.0967077, 0.995282, 0.00788381, 0.0820496, 7.7966e-05, 0.996628, -0.124108, 1.2733, -0.00278447)
bone_idx = 6

[node name="Hands Left" parent="Man5Anim/Armature/Skeleton3D" index="2"]
transform = Transform3D(0.873916, 0.209852, -0.438443, 0.0641993, 0.844271, 0.532056, 0.481819, -0.49312, 0.724349, -0.42083, 0.546002, 0.2658)
bone_idx = 11

[node name="Arm Lower Left" parent="Man5Anim/Armature/Skeleton3D" index="3"]
transform = Transform3D(0.783763, 0.0927377, -0.614097, 0.279931, 0.829902, 0.482599, 0.554396, -0.550147, 0.624485, -0.501536, 0.994772, -0.11479)
bone_idx = 12

[node name="Arm Upper Left" parent="Man5Anim/Armature/Skeleton3D" index="4"]
transform = Transform3D(0.851564, 0.356899, -0.384006, -0.206823, 0.901786, 0.379482, 0.481728, -0.243732, 0.841743, -0.257402, 1.21215, -0.0670844)
bone_idx = 13

[node name="Hands Right" parent="Man5Anim/Armature/Skeleton3D" index="5"]
transform = Transform3D(0.928035, 0.0409319, 0.370236, 0.103347, 0.92663, -0.361493, -0.357868, 0.373741, 0.855716, -0.304011, 0.404888, -0.33391)
bone_idx = 18

[node name="Arm Lower Right" parent="Man5Anim/Armature/Skeleton3D" index="6"]
transform = Transform3D(0.813716, -0.04063, 0.579841, 0.359366, 0.819224, -0.446911, -0.456861, 0.572033, 0.681218, -0.488812, 0.974064, 0.113869)
bone_idx = 19

[node name="Arm Upper Right" parent="Man5Anim/Armature/Skeleton3D" index="7"]
transform = Transform3D(0.911746, 0.290219, 0.290677, -0.17483, 0.914552, -0.364732, -0.37169, 0.281724, 0.884579, -0.230899, 1.20656, 0.0859213)
bone_idx = 20

[node name="Torso Upper" parent="Man5Anim/Armature/Skeleton3D" index="8"]
transform = Transform3D(0.999686, 0.0242473, -0.00638599, -0.024262, 0.999703, -0.0022432, 0.0063297, 0.00239743, 0.999977, -0.139431, 0.909777, 0.00990237)
bone_idx = 21

[node name="Feet Left" parent="Man5Anim/Armature/Skeleton3D" index="9"]
transform = Transform3D(0.941709, 0.0577336, 0.331439, -0.0454826, 0.997969, -0.044602, -0.333337, 0.0269271, 0.942422, -0.187542, -1.49877, -0.183675)
bone_idx = 26

[node name="Leg Lower Left" parent="Man5Anim/Armature/Skeleton3D" index="10"]
transform = Transform3D(0.926086, 0.301702, 0.226586, -0.26739, 0.94847, -0.17002, -0.266203, 0.0968663, 0.959037, 0.244147, -0.181904, -0.0337787)
bone_idx = 27

[node name="Legs Upper Left" parent="Man5Anim/Armature/Skeleton3D" index="11"]
transform = Transform3D(0.979698, -0.178468, 0.0913234, 0.187494, 0.976929, -0.102248, -0.0709686, 0.117295, 0.990558, -0.12596, -0.134106, -0.00688113)
bone_idx = 28

[node name="Feet Right" parent="Man5Anim/Armature/Skeleton3D" index="12"]
transform = Transform3D(0.969588, 0.0571888, -0.237969, -0.0585688, 0.998282, 0.0012632, 0.237632, 0.0127134, 0.971272, -0.166933, -1.5073, 0.171676)
bone_idx = 33

[node name="Leg Lower Right" parent="Man5Anim/Armature/Skeleton3D" index="13"]
transform = Transform3D(0.946056, 0.255586, -0.199136, -0.231168, 0.963097, 0.137854, 0.22702, -0.0843832, 0.970227, 0.202044, -0.169633, 0.0447417)
bone_idx = 34

[node name="Legs Upper Right" parent="Man5Anim/Armature/Skeleton3D" index="14"]
transform = Transform3D(0.972323, -0.162769, -0.167614, 0.180783, 0.978585, 0.098426, 0.148004, -0.126004, 0.980927, -0.108825, -0.136139, 0.00946826)
bone_idx = 35

[node name="Torso Lower" parent="Man5Anim/Armature/Skeleton3D" index="15"]
transform = Transform3D(1, -2.35741e-09, 5.52972e-10, 2.35741e-09, 1, 8.20146e-08, -5.52973e-10, -8.20146e-08, 1, -0.153397, 0.909699, 0.00858676)
bone_idx = 36

[node name="CollisionShape3D" type="CollisionShape3D" parent="."]
transform = Transform3D(1, 0, 0, 0, 1, 0, 0, 0, 1, -0.133924, 1.74338, -0.230516)
shape = SubResource("CapsuleShape3D_33uso")

[node name="StaticBodyInteraction" type="StaticBody3D" parent="."]
transform = Transform3D(1, 0, 0, 0, 1, 0, 0, 0, 1, -0.212663, 0, 0.265329)
collision_layer = 8
script = ExtResource("3_55q7y")
Dialogue_Path = "res://Assets/Dialogues/TestDialogue.json"
prompt_message = "Talk"

[node name="CollisionShape3D" type="CollisionShape3D" parent="StaticBodyInteraction"]
transform = Transform3D(1, 0, 0, 0, 1, 0, 0, 0, 1, 0.0787395, 1.74338, -0.531831)
shape = SubResource("CapsuleShape3D_33uso")

[node name="NavigationAgent3D" type="NavigationAgent3D" parent="."]
avoidance_enabled = true
radius = 1.0
max_neighbors = 20
debug_enabled = true

[node name="Idle_Walking" type="Timer" parent="."]
one_shot = true

[editable path="Man5Anim"]
