[gd_scene load_steps=5 format=3 uid="uid://dkqhqtpe5gsd"]

[ext_resource type="PackedScene" uid="uid://wp7puaw4a6op" path="res://Assets/Models/NPC/Boy/BoyAnim.blend" id="2_na8tb"]
[ext_resource type="Script" path="res://Scenes/Interactable.gd" id="3_7cvj5"]

[sub_resource type="CapsuleShape3D" id="CapsuleShape3D_1a51v"]
height = 2.36614

[sub_resource type="CapsuleShape3D" id="CapsuleShape3D_hedom"]
height = 2.36614

[node name="Boy" type="CharacterBody3D"]

[node name="BoyAnim" parent="." instance=ExtResource("2_na8tb")]
transform = Transform3D(-1, 0, -8.74228e-08, 0, 1, 0, 8.74228e-08, 0, -1, 0, 0, 0)

[node name="Armature" parent="BoyAnim" index="0"]
transform = Transform3D(-0.00104812, 0.0104297, -0.555226, 0.0147424, 0.555032, 0.0103982, 0.555128, -0.0147201, -0.00132445, 0.00476139, 0.911993, 0.0759776)

[node name="Skeleton3D" parent="BoyAnim/Armature" index="0"]
bones/1/rotation = Quaternion(0.000199074, -0.00111287, -0.00844658, 0.999964)
bones/2/rotation = Quaternion(-0.0109936, -0.0356828, 0.00585015, 0.999286)
bones/3/rotation = Quaternion(-0.012859, 0.00700912, 0.0242423, 0.999599)
bones/7/rotation = Quaternion(-0.968161, 0.00181726, -0.194771, 0.157246)
bones/8/rotation = Quaternion(8.0806e-08, -5.68688e-08, -0.252872, 0.9675)
bones/9/rotation = Quaternion(-0.10677, 0.0583463, 0.127069, 0.984403)
bones/14/rotation = Quaternion(0.967116, 0.0166408, -0.199988, 0.156251)
bones/15/rotation = Quaternion(1.53919e-07, 7.7632e-09, -0.23426, 0.972174)
bones/16/rotation = Quaternion(0.00941003, 0.0183941, 0.128578, 0.991484)
bones/22/rotation = Quaternion(-0.996583, -0.0676891, 0.0377569, 0.0285566)
bones/23/rotation = Quaternion(0.00768594, -0.0790113, 0.201862, 0.976192)
bones/24/rotation = Quaternion(0.218108, 0.0496557, -0.675517, 0.702595)
bones/29/rotation = Quaternion(0.989077, 0.0642149, 0.123599, 0.0482407)
bones/30/rotation = Quaternion(-0.00461209, 0.0370026, 0.159847, 0.986437)
bones/31/rotation = Quaternion(0.0944867, 0.285534, -0.664915, 0.683689)

[node name="Head" parent="BoyAnim/Armature/Skeleton3D" index="0"]
transform = Transform3D(0.532216, -0.021682, -0.0318835, 0.0232384, 0.53248, 0.0258011, 0.0307675, -0.0271221, 0.532033, -0.155863, 1.78442, -0.0440451)
bone_idx = 5

[node name="Neck" parent="BoyAnim/Armature/Skeleton3D" index="1"]
transform = Transform3D(0.997292, 0.00603099, -0.0732918, -0.0044011, 0.99974, 0.0223796, 0.0734077, -0.0219964, 0.99706, -0.13808, 1.27272, -0.00622571)
bone_idx = 6

[node name="Hands Left" parent="BoyAnim/Armature/Skeleton3D" index="2"]
transform = Transform3D(0.814173, 0.158249, -0.55864, 0.130938, 0.887315, 0.442186, 0.565665, -0.433163, 0.701707, -0.41973, 0.494551, 0.191568)
bone_idx = 11

[node name="Arm Lower Left" parent="BoyAnim/Armature/Skeleton3D" index="3"]
transform = Transform3D(0.783412, -0.105429, -0.612495, 0.39524, 0.845064, 0.360072, 0.479636, -0.524167, 0.703702, -0.477252, 0.929354, -0.0807945)
bone_idx = 12

[node name="Arm Upper Left" parent="BoyAnim/Armature/Skeleton3D" index="4"]
transform = Transform3D(0.922054, 0.182455, -0.341359, -0.0805174, 0.95305, 0.291913, 0.378593, -0.241674, 0.893454, -0.263301, 1.18286, -0.048528)
bone_idx = 13

[node name="Hands Right" parent="BoyAnim/Armature/Skeleton3D" index="5"]
transform = Transform3D(0.894584, -0.0175084, 0.446557, 0.168321, 0.938848, -0.300387, -0.413989, 0.343886, 0.842826, -0.288551, 0.370441, -0.285052)
bone_idx = 18

[node name="Arm Lower Right" parent="BoyAnim/Armature/Skeleton3D" index="6"]
transform = Transform3D(0.783237, -0.105502, 0.612706, 0.393034, 0.847615, -0.356473, -0.48173, 0.520018, 0.70535, -0.470441, 0.927222, 0.105705)
bone_idx = 19

[node name="Arm Upper Right" parent="BoyAnim/Armature/Skeleton3D" index="7"]
transform = Transform3D(0.919684, 0.153141, 0.361565, -0.0456889, 0.956292, -0.288823, -0.389992, 0.249107, 0.886484, -0.27688, 1.18252, 0.080343)
bone_idx = 20

[node name="Torso Upper" parent="BoyAnim/Armature/Skeleton3D" index="8"]
transform = Transform3D(0.999855, 0.0168921, -0.00222926, -0.016893, 0.999857, -0.000379247, 0.00222253, 0.000416851, 0.999998, -0.143649, 0.9098, 0.00880311)
bone_idx = 21

[node name="Feet Left" parent="BoyAnim/Armature/Skeleton3D" index="9"]
transform = Transform3D(0.960268, 0.026547, 0.277815, -0.020291, 0.999473, -0.0253633, -0.278339, 0.0187184, 0.9603, -0.116604, -1.51349, -0.144889)
bone_idx = 26

[node name="Leg Lower Left" parent="BoyAnim/Armature/Skeleton3D" index="10"]
transform = Transform3D(0.949728, 0.219961, 0.222788, -0.195436, 0.972462, -0.126973, -0.24458, 0.0770489, 0.966563, 0.201578, -0.154409, -0.0279403)
bone_idx = 27

[node name="Legs Upper Left" parent="BoyAnim/Armature/Skeleton3D" index="11"]
transform = Transform3D(0.976184, -0.199769, 0.0845952, 0.206381, 0.975333, -0.0783116, -0.0668643, 0.0939056, 0.993333, -0.125741, -0.130197, -0.00502282)
bone_idx = 28

[node name="Feet Right" parent="BoyAnim/Armature/Skeleton3D" index="12"]
transform = Transform3D(0.921261, 0.0265511, -0.388038, -0.0317295, 0.999472, -0.00694835, 0.387647, 0.0187145, 0.921617, -0.0547385, -1.52188, 0.21545)
bone_idx = 33

[node name="Leg Lower Right" parent="BoyAnim/Armature/Skeleton3D" index="13"]
transform = Transform3D(0.939418, 0.150969, -0.307738, -0.112359, 0.983809, 0.139628, 0.323834, -0.0965907, 0.94117, 0.15819, -0.147204, 0.0626211)
bone_idx = 34

[node name="Legs Upper Right" parent="BoyAnim/Armature/Skeleton3D" index="14"]
transform = Transform3D(0.951662, -0.175787, -0.251868, 0.207801, 0.972353, 0.106523, 0.22618, -0.153713, 0.961881, -0.090565, -0.137918, 0.0135149)
bone_idx = 35

[node name="Torso Lower" parent="BoyAnim/Armature/Skeleton3D" index="15"]
transform = Transform3D(1, -2.9886e-09, -4.57967e-16, 2.9886e-09, 1, 8.65839e-08, 2.22045e-16, -8.65839e-08, 1, -0.153397, 0.909699, 0.00858675)
bone_idx = 36

[node name="CollisionShape3D" type="CollisionShape3D" parent="."]
transform = Transform3D(1, 0, 0, 0, 1, 0, 0, 0, 1, -0.133924, 0.975425, -0.230516)
shape = SubResource("CapsuleShape3D_1a51v")

[node name="StaticBodyInteraction" type="Area3D" parent="."]
transform = Transform3D(1, 0, 0, 0, 1, 0, 0, 0, 1, -0.212663, 0, 0.265329)
collision_layer = 8
script = ExtResource("3_7cvj5")
Dialogue_Path = "res://Assets/Dialogues/TestDialogue.json"
prompt_message = "Talk"

[node name="CollisionShape3D" type="CollisionShape3D" parent="StaticBodyInteraction"]
transform = Transform3D(1, 0, 0, 0, 1, 0, 0, 0, 1, 0.0787395, 0.939937, -0.531831)
shape = SubResource("CapsuleShape3D_hedom")

[node name="NavigationAgent3D" type="NavigationAgent3D" parent="."]
avoidance_enabled = true
radius = 1.0
max_neighbors = 20
debug_enabled = true

[node name="Idle_Walking" type="Timer" parent="."]
one_shot = true

[editable path="BoyAnim"]
