[gd_scene load_steps=6 format=3 uid="uid://dsgryojcci6t4"]

[ext_resource type="Script" path="res://Scenes/NPC/Woman5/AngryNPC.gd" id="1_618hc"]
[ext_resource type="PackedScene" uid="uid://3i1pprlkjvb8" path="res://Assets/Models/NPC/Woman5/Woman5Anim.blend" id="2_ybfcr"]
[ext_resource type="Script" path="res://Scenes/Interactable.gd" id="3_akovx"]

[sub_resource type="CapsuleShape3D" id="CapsuleShape3D_dttgh"]
height = 3.41035

[sub_resource type="CapsuleShape3D" id="CapsuleShape3D_5dqkv"]
height = 3.45942

[node name="Woman5" type="CharacterBody3D"]
script = ExtResource("1_618hc")

[node name="Woman5Anim" parent="." instance=ExtResource("2_ybfcr")]
transform = Transform3D(-1, 0, -8.74228e-08, 0, 1, 0, 8.74228e-08, 0, -1, 0, 0, 0)

[node name="Armature" parent="Woman5Anim" index="0"]
transform = Transform3D(0.167683, 0.0931557, -0.98143, -0.0214626, 0.995634, 0.090837, 0.985607, 0.00583214, 0.168951, -0.0146255, 1.75457, -0.00156642)

[node name="Skeleton3D" parent="Woman5Anim/Armature" index="0"]
bones/1/rotation = Quaternion(-0.0030754, 0.000867152, 0.000546722, 0.999995)
bones/2/rotation = Quaternion(0.0281478, -0.0128744, -0.0102966, 0.999468)
bones/3/rotation = Quaternion(0.00773466, -0.00876712, 0.00754298, 0.999903)
bones/7/rotation = Quaternion(-0.985235, -0.0796433, -0.0921148, 0.120347)
bones/8/rotation = Quaternion(-2.08163e-08, -2.29304e-08, -0.202219, 0.97934)
bones/9/rotation = Quaternion(0.0843079, 0.135318, -0.169486, 0.972551)
bones/14/rotation = Quaternion(0.958871, 0.035023, 0.247192, 0.135037)
bones/15/rotation = Quaternion(1.28659e-07, -5.31323e-08, -0.0308148, 0.999525)
bones/16/rotation = Quaternion(-0.281616, -0.428526, -0.13309, 0.848142)
bones/22/rotation = Quaternion(0.969225, 0.238424, 0.0598174, 0.0133864)
bones/23/rotation = Quaternion(0.103156, -0.0358861, 0.503723, 0.856933)
bones/24/rotation = Quaternion(0.164958, 0.0589324, -0.463756, 0.868473)
bones/29/rotation = Quaternion(-0.992215, -0.0492814, -0.0785404, 0.083141)
bones/30/rotation = Quaternion(0.0248469, 0.0673339, 0.152416, 0.985707)
bones/31/rotation = Quaternion(-0.23226, -0.133316, -0.506933, 0.81933)

[node name="Head" parent="Woman5Anim/Armature/Skeleton3D" index="0"]
transform = Transform3D(0.533133, 0.00174229, -0.0225294, -0.00320815, 0.53247, -0.0347394, 0.0223677, 0.0348437, 0.532003, 0.00441441, 1.81379, 0.0141692)
bone_idx = 5

[node name="Neck" parent="Woman5Anim/Armature/Skeleton3D" index="1"]
transform = Transform3D(0.999521, 0.0188584, -0.0245255, -0.0200643, 0.998553, -0.0498879, 0.0235492, 0.0503561, 0.998454, 0.000986632, 1.29992, -0.00501575)
bone_idx = 6

[node name="Hands Left" parent="Woman5Anim/Armature/Skeleton3D" index="2"]
transform = Transform3D(0.527408, -0.574873, -0.62559, 0.640169, 0.752996, -0.152252, 0.558592, -0.320184, 0.765152, -0.119058, 0.0556319, 0.227803)
bone_idx = 11

[node name="Arm Lower Left" parent="Woman5Anim/Armature/Skeleton3D" index="3"]
transform = Transform3D(0.819959, -0.300149, -0.487419, 0.505885, 0.778418, 0.371679, 0.267856, -0.55134, 0.790113, -0.235374, 0.951571, -0.011912)
bone_idx = 12

[node name="Arm Upper Left" parent="Woman5Anim/Armature/Skeleton3D" index="4"]
transform = Transform3D(0.970541, -0.0441137, -0.236864, 0.137051, 0.909635, 0.39215, 0.19816, -0.41306, 0.888884, -0.103408, 1.24354, -0.084829)
bone_idx = 13

[node name="Hands Right" parent="Woman5Anim/Armature/Skeleton3D" index="5"]
transform = Transform3D(0.909796, -0.0741794, 0.408373, -0.09489, 0.920668, 0.378637, -0.404063, -0.383233, 0.830582, -0.314794, -0.242941, -0.0292934)
bone_idx = 18

[node name="Arm Lower Right" parent="Woman5Anim/Armature/Skeleton3D" index="6"]
transform = Transform3D(0.874211, -0.364841, -0.320384, 0.196568, 0.869285, -0.453546, 0.443977, 0.333517, 0.831655, 0.16906, 0.993183, 0.0292614)
bone_idx = 19

[node name="Arm Upper Right" parent="Woman5Anim/Armature/Skeleton3D" index="7"]
transform = Transform3D(0.875994, -0.296536, -0.380396, 0.137733, 0.909631, -0.39192, 0.462238, 0.290926, 0.837674, 0.110174, 1.24327, 0.116536)
bone_idx = 20

[node name="Torso Upper" parent="Woman5Anim/Armature/Skeleton3D" index="8"]
transform = Transform3D(0.999998, -0.00109877, 0.00173093, 0.00108811, 0.99998, 0.00615181, -0.00173766, -0.00614991, 0.99998, -0.000625893, 0.93668, 0.00433558)
bone_idx = 21

[node name="Feet Left" parent="Woman5Anim/Armature/Skeleton3D" index="9"]
transform = Transform3D(0.661228, 0.750184, -0.00143436, -0.729454, 0.642512, -0.234678, -0.17513, 0.156222, 0.972072, 0.0609131, -1.39644, -0.188697)
bone_idx = 26

[node name="Leg Lower Left" parent="Woman5Anim/Armature/Skeleton3D" index="10"]
transform = Transform3D(0.878488, 0.470689, -0.0819208, -0.475123, 0.842704, -0.253194, -0.0501405, 0.261351, 0.96394, 0.729389, -0.166582, 0.198188)
bone_idx = 27

[node name="Legs Upper Left" parent="Woman5Anim/Armature/Skeleton3D" index="11"]
transform = Transform3D(0.855153, -0.507296, -0.1066, 0.507269, 0.861286, -0.0294011, 0.106728, -0.0289322, 0.993867, 0.0251422, -0.0825569, 0.000938445)
bone_idx = 28

[node name="Feet Right" parent="Woman5Anim/Armature/Skeleton3D" index="12"]
transform = Transform3D(0.893117, 0.387604, -0.228266, -0.40569, 0.91328, -0.036534, 0.19431, 0.125235, 0.972913, 0.0838314, -1.49626, -0.239447)
bone_idx = 33

[node name="Leg Lower Right" parent="Woman5Anim/Armature/Skeleton3D" index="13"]
transform = Transform3D(0.952945, 0.127243, -0.275146, -0.17658, 0.970755, -0.162642, 0.246404, 0.203575, 0.947545, 0.265886, -0.0725999, 0.0620795)
bone_idx = 34

[node name="Legs Upper Right" parent="Woman5Anim/Armature/Skeleton3D" index="14"]
transform = Transform3D(0.976075, -0.154931, -0.152557, 0.133444, 0.980791, -0.142268, 0.171668, 0.118506, 0.978001, 0.0437326, -0.0578549, -0.00669347)
bone_idx = 35

[node name="Torso Lower" parent="Woman5Anim/Armature/Skeleton3D" index="15"]
transform = Transform3D(1, -3.49246e-10, -2.21189e-09, 3.49246e-10, 1, 7.84057e-08, 2.21189e-09, -7.84057e-08, 1, 4.73953e-09, 0.936643, 0.00791555)
bone_idx = 36

[node name="CollisionShape3D" type="CollisionShape3D" parent="."]
transform = Transform3D(1, 0, 0, 0, 1, 0, 0, 0, 1, -0.133924, 1.39739, -0.230516)
shape = SubResource("CapsuleShape3D_dttgh")

[node name="StaticBodyInteraction" type="Area3D" parent="."]
transform = Transform3D(1, 0, 0, 0, 1, 0, 0, 0, 1, -0.212663, 0, 0.265329)
collision_layer = 8
script = ExtResource("3_akovx")
Dialogue_Path = "res://Assets/Dialogues/TestDialogue.json"
prompt_message = "Talk"

[node name="CollisionShape3D" type="CollisionShape3D" parent="StaticBodyInteraction"]
transform = Transform3D(1, 0, 0, 0, 1, 0, 0, 0, 1, 0.0787395, 1.39434, -0.531831)
shape = SubResource("CapsuleShape3D_5dqkv")

[node name="NavigationAgent3D" type="NavigationAgent3D" parent="."]
avoidance_enabled = true
radius = 1.0
max_neighbors = 20
debug_enabled = true

[node name="Idle_Walking" type="Timer" parent="."]
one_shot = true

[editable path="Woman5Anim"]
