[gd_scene load_steps=5 format=3 uid="uid://bs5dmuhok8qn"]

[ext_resource type="PackedScene" uid="uid://djlo417iivuek" path="res://Assets/Models/NPC/Man1/Man1Anim.blend" id="1_gs3wy"]
[ext_resource type="Script" path="res://Assets/Models/NPC/Man1/NPC.gd" id="1_ikuyh"]
[ext_resource type="Script" path="res://Scenes/Interactable.gd" id="3_msjib"]

[sub_resource type="CapsuleShape3D" id="CapsuleShape3D_33uso"]
height = 4.404

[node name="Man1" type="CharacterBody3D"]
collision_layer = 2
collision_mask = 0
script = ExtResource("1_ikuyh")

[node name="Man1Anim" parent="." instance=ExtResource("1_gs3wy")]
transform = Transform3D(-1, 0, -8.74228e-08, 0, 1, 0, 8.74228e-08, 0, -1, 0, 0, -0.0459193)

[node name="Armature" parent="Man1Anim" index="0"]
transform = Transform3D(0.189376, 0.0682752, -0.979528, 0.270142, 0.95546, 0.118825, 0.944013, -0.287115, 0.162497, 0.0599953, 1.71099, 0.125482)

[node name="Skeleton3D" parent="Man1Anim/Armature" index="0"]
bones/1/rotation = Quaternion(0.0167724, -0.0076845, -0.113311, 0.993388)
bones/2/rotation = Quaternion(0.0657493, -0.0265574, -0.156909, 0.985064)
bones/3/rotation = Quaternion(0.027689, -0.0155182, 0.0731796, 0.996814)
bones/7/rotation = Quaternion(-0.903624, 0.209795, -0.256839, 0.27108)
bones/8/rotation = Quaternion(-0.0665983, 0.0833104, -0.174963, 0.978781)
bones/9/rotation = Quaternion(1.6103e-07, -4.16007e-08, -0.0951273, 0.995465)
bones/14/rotation = Quaternion(0.942723, -0.256769, -0.142403, 0.158321)
bones/15/rotation = Quaternion(0.00433177, -0.0946343, -0.197548, 0.975705)
bones/16/rotation = Quaternion(-1.90475e-07, -4.17419e-09, -0.135413, 0.990789)
bones/22/rotation = Quaternion(-0.962191, -0.00943756, 0.158168, 0.221547)
bones/23/rotation = Quaternion(0.00975501, 0.0753204, 0.141133, 0.987073)
bones/24/rotation = Quaternion(0.115176, 0.0206544, -0.614648, 0.780074)
bones/29/rotation = Quaternion(-0.995253, 0.0608142, -0.0299357, 0.0698366)
bones/30/rotation = Quaternion(0.02182, 0.0878294, 0.193121, 0.976992)
bones/31/rotation = Quaternion(0.0348774, 0.247708, -0.720931, 0.646284)

[node name="Head_001" parent="Man1Anim/Armature/Skeleton3D" index="0"]
transform = Transform3D(0.487628, 0.197033, -0.0902139, -0.211198, 0.481854, -0.08918, 0.0485345, 0.117201, 0.518314, 0.282355, 1.70586, 0.137355)
bone_idx = 5

[node name="Neck" parent="Man1Anim/Armature/Skeleton3D" index="1"]
transform = Transform3D(0.853956, 0.506974, -0.117203, -0.519386, 0.844151, -0.132841, 0.0315903, 0.174314, 0.984183, 0.0838157, 1.24371, 0.0403475)
bone_idx = 6

[node name="Hands Left" parent="Man1Anim/Armature/Skeleton3D" index="2"]
transform = Transform3D(0.673662, 0.518313, -0.526811, -0.261398, 0.833863, 0.48615, 0.691267, -0.189793, 0.697228, -0.799031, 0.601062, -0.0562009)
bone_idx = 11

[node name="Arm Lower Left" parent="Man1Anim/Armature/Skeleton3D" index="3"]
transform = Transform3D(0.635655, 0.680222, -0.36502, -0.4391, 0.707489, 0.55376, 0.634927, -0.19172, 0.748404, -0.309546, 1.09898, -0.11341)
bone_idx = 12

[node name="Arm Upper Left" parent="Man1Anim/Armature/Skeleton3D" index="4"]
transform = Transform3D(0.636665, 0.699805, -0.323929, -0.691669, 0.703956, 0.161366, 0.340957, 0.121316, 0.932218, -0.0677835, 1.09568, 0.0262918)
bone_idx = 13

[node name="Hands Right" parent="Man1Anim/Armature/Skeleton3D" index="5"]
transform = Transform3D(0.85229, 0.367002, 0.372707, -0.113143, 0.825019, -0.553662, -0.510685, 0.429712, 0.74468, -0.745027, 0.62851, -0.135652)
bone_idx = 18

[node name="Arm Lower Right" parent="Man1Anim/Armature/Skeleton3D" index="6"]
transform = Transform3D(0.795091, 0.583103, 0.166798, -0.375602, 0.689348, -0.619454, -0.476187, 0.429872, 0.76711, -0.273193, 1.10144, 0.102898)
bone_idx = 19

[node name="Arm Upper Right" parent="Man1Anim/Armature/Skeleton3D" index="7"]
transform = Transform3D(0.6908, 0.721885, -0.0409539, -0.695937, 0.648469, -0.30848, -0.19613, 0.2416, 0.95035, 0.0686003, 1.12444, 0.0778727)
bone_idx = 20

[node name="Torso Upper" parent="Man1Anim/Armature/Skeleton3D" index="8"]
transform = Transform3D(0.974203, 0.224866, -0.0190685, -0.225381, 0.973759, -0.0315814, 0.0114666, 0.0350644, 0.999319, -0.0232789, 0.896757, 0.0287246)
bone_idx = 21

[node name="Feet Left" parent="Man1Anim/Armature/Skeleton3D" index="9"]
transform = Transform3D(0.942709, 0.230835, 0.240861, -0.190416, 0.965123, -0.179661, -0.273933, 0.123502, 0.953786, -0.30117, -1.4091, -0.697556)
bone_idx = 26

[node name="Leg Lower Left" parent="Man1Anim/Armature/Skeleton3D" index="10"]
transform = Transform3D(0.950212, 0.274508, 0.147451, -0.175414, 0.862341, -0.474971, -0.257537, 0.425458, 0.86756, 0.0829405, -0.217811, -0.0810535)
bone_idx = 27

[node name="Legs Upper Left" parent="Man1Anim/Armature/Skeleton3D" index="11"]
transform = Transform3D(0.95108, -0.00669721, 0.308871, 0.151517, 0.881382, -0.447447, -0.269237, 0.472357, 0.839279, -0.0980944, -0.187734, -0.0514899)
bone_idx = 28

[node name="Feet Right" parent="Man1Anim/Armature/Skeleton3D" index="12"]
transform = Transform3D(0.909161, 0.270147, -0.316937, -0.293762, 0.955459, -0.0282851, 0.295176, 0.11882, 0.948025, -0.447416, -1.44226, -0.184832)
bone_idx = 33

[node name="Leg Lower Right" parent="Man1Anim/Armature/Skeleton3D" index="13"]
transform = Transform3D(0.875516, 0.430711, -0.219004, -0.455563, 0.88686, -0.0770579, 0.161036, 0.167236, 0.972676, 0.159826, -0.188119, 0.0418459)
bone_idx = 34

[node name="Legs Upper Right" parent="Man1Anim/Armature/Skeleton3D" index="14"]
transform = Transform3D(0.996834, 0.0485278, -0.0629848, -0.0552021, 0.992514, -0.108944, 0.0572264, 0.112076, 0.99205, -0.143609, -0.0904325, -0.00580773)
bone_idx = 35

[node name="Torso Lower" parent="Man1Anim/Armature/Skeleton3D" index="15"]
transform = Transform3D(1, -1.11759e-08, 1.86264e-08, 1.11759e-08, 1, 7.82311e-08, -1.86265e-08, -7.82311e-08, 1, -0.153397, 0.909699, 0.00858675)
bone_idx = 36

[node name="CollisionShape3D" type="CollisionShape3D" parent="."]
transform = Transform3D(1, 0, 0, 0, 1, 0, 0, 0, 1, -0.133924, 1.74338, -0.230516)
shape = SubResource("CapsuleShape3D_33uso")

[node name="StaticBodyInteraction" type="Area3D" parent="."]
transform = Transform3D(1, 0, 0, 0, 1, 0, 0, 0, 1, -0.212663, 0, 0.265329)
collision_layer = 8
script = ExtResource("3_msjib")
prompt_message = "Talk"

[node name="CollisionShape3D" type="CollisionShape3D" parent="StaticBodyInteraction"]
transform = Transform3D(1, 0, 0, 0, 1, 0, 0, 0, 1, 0.0787395, 1.74338, -0.531831)
shape = SubResource("CapsuleShape3D_33uso")

[node name="NavigationAgent3D" type="NavigationAgent3D" parent="."]
avoidance_enabled = true
radius = 1.0
max_neighbors = 20
debug_enabled = true

[node name="Idle_Walking" type="Timer" parent="."]
one_shot = true

[editable path="Man1Anim"]
