[gd_scene load_steps=6 format=3 uid="uid://dvjuks7llhcdr"]

[ext_resource type="Script" path="res://Scenes/Werewolf/werewolf.gd" id="1_64sjf"]
[ext_resource type="PackedScene" uid="uid://bh8ftpvfynreu" path="res://Assets/Models/Werewolf/WerewolfAnim.blend" id="2_siml5"]

[sub_resource type="CapsuleShape3D" id="CapsuleShape3D_6n2ja"]
radius = 1.0
height = 5.5992

[sub_resource type="BoxShape3D" id="BoxShape3D_w256i"]
size = Vector3(3.74378, 3.97616, 1)

[sub_resource type="BoxShape3D" id="BoxShape3D_280fq"]
size = Vector3(6.07473, 6.4086, 7.13153)

[node name="Werewolf" type="CharacterBody3D"]
script = ExtResource("1_64sjf")

[node name="WerewolfAnim" parent="." instance=ExtResource("2_siml5")]
transform = Transform3D(-1, 0, -8.74228e-08, 0, 1, 0, 8.74228e-08, 0, -1, 0, 0, 0)

[node name="Armature" parent="WerewolfAnim" index="0"]
transform = Transform3D(-0.0358823, 0.0341566, -0.998772, 0.00352647, 0.999414, 0.0340518, 0.99935, -0.00230028, -0.0359818, -0.018258, 1.70296, 0.201032)

[node name="Skeleton3D" parent="WerewolfAnim/Armature" index="0"]
bones/1/rotation = Quaternion(0.00193821, -0.00353489, -0.29259, 0.956229)
bones/2/rotation = Quaternion(0.0145275, -0.0351495, -0.335451, 0.94129)
bones/3/rotation = Quaternion(-0.00333955, -0.00461087, 0.194162, 0.980953)
bones/7/rotation = Quaternion(-0.991011, 0.0302885, -0.0180848, 0.129048)
bones/8/rotation = Quaternion(-0.0766485, -0.0275247, -0.217438, 0.972671)
bones/9/rotation = Quaternion(0.0382989, -0.623752, 0.0137149, 0.780563)
bones/14/rotation = Quaternion(0.986684, 0.0407805, 0.131225, 0.087015)
bones/15/rotation = Quaternion(0.098574, -0.0234185, -0.203208, 0.973879)
bones/16/rotation = Quaternion(-0.066308, 0.690366, -0.027364, 0.719896)
bones/22/rotation = Quaternion(-0.984941, -0.122616, -0.0138622, 0.121095)
bones/23/rotation = Quaternion(-0.0454195, -0.0614042, 0.61687, 0.783351)
bones/24/rotation = Quaternion(0.0331802, -0.0754296, -0.861963, 0.500229)
bones/29/rotation = Quaternion(0.972762, 0.140719, 0.135448, 0.124845)
bones/30/rotation = Quaternion(0.000558398, -0.0194856, 0.59472, 0.803697)
bones/31/rotation = Quaternion(0.0318752, 0.0392942, -0.842367, 0.536525)

[node name="Head" parent="WerewolfAnim/Armature/Skeleton3D" index="0"]
transform = Transform3D(0.973997, -0.209519, -0.0862067, 0.210909, 0.977479, 0.0072426, 0.0827478, -0.0252361, 0.996251, -0.60715, 3.42923, -0.0048344)
bone_idx = 5

[node name="Neck" parent="WerewolfAnim/Armature/Skeleton3D" index="1"]
transform = Transform3D(0.976518, -0.199215, -0.0820137, 0.199618, 0.979868, -0.00333715, 0.0810274, -0.0131126, 0.996626, -0.416943, 2.52703, 0.0155736)
bone_idx = 6

[node name="Hand Left" parent="WerewolfAnim/Armature/Skeleton3D" index="2"]
transform = Transform3D(0.190721, -0.146857, 0.970597, 0.367955, 0.927353, 0.0680111, -0.910074, 0.344165, 0.230903, 0.716938, -0.00739177, -0.175125)
bone_idx = 11

[node name="Arm Lower Left" parent="WerewolfAnim/Armature/Skeleton3D" index="3"]
transform = Transform3D(0.999567, 0.0108829, -0.0273222, -0.0135961, 0.994777, -0.101164, 0.0260786, 0.101492, 0.994494, -1.0718, -0.763091, -0.290762)
bone_idx = 12

[node name="Arm Upper Left" parent="WerewolfAnim/Armature/Skeleton3D" index="4"]
transform = Transform3D(0.921679, 0.38789, 0.00698987, -0.386107, 0.9189, -0.0809002, -0.0378034, 0.0718652, 0.996698, -0.430693, 2.0395, -0.00484616)
bone_idx = 13

[node name="Hand Right" parent="WerewolfAnim/Armature/Skeleton3D" index="5"]
transform = Transform3D(-0.209276, -0.179528, -0.961235, 0.317493, 0.917271, -0.24044, 0.924879, -0.355504, -0.134965, 1.25967, 0.19638, 0.418686)
bone_idx = 18

[node name="Arm Lower Right" parent="WerewolfAnim/Armature/Skeleton3D" index="6"]
transform = Transform3D(0.977897, -0.115849, -0.174059, 0.116747, 0.993149, -0.00510744, 0.173458, -0.0153263, 0.984722, -0.516446, -0.792045, -0.0767409)
bone_idx = 19

[node name="Arm Upper Right" parent="WerewolfAnim/Armature/Skeleton3D" index="7"]
transform = Transform3D(0.94803, 0.241049, -0.20769, -0.248188, 0.968673, -0.00862865, 0.199104, 0.0597264, 0.978157, -0.264172, 2.06012, -0.0220672)
bone_idx = 20

[node name="Body Upper" parent="WerewolfAnim/Armature/Skeleton3D" index="8"]
transform = Transform3D(0.97063, -0.2405, -0.00604643, 0.240469, 0.970642, -0.00533372, 0.00715168, 0.00372309, 0.999968, -0.23029, 1.77811, 0.00768969)
bone_idx = 21

[node name="Feet Left" parent="WerewolfAnim/Armature/Skeleton3D" index="9"]
transform = Transform3D(0.718959, -0.585435, 0.374654, 0.648716, 0.758715, -0.0593149, -0.249527, 0.28569, 0.925262, 0.30156, -1.199, -0.240834)
bone_idx = 26

[node name="Leg Lower left" parent="WerewolfAnim/Armature/Skeleton3D" index="10"]
transform = Transform3D(0.947187, -0.212154, 0.240475, 0.248826, 0.959262, -0.133793, -0.202292, 0.186565, 0.961386, 0.0686016, -0.863537, -0.0235719)
bone_idx = 27

[node name="Leg Upper Left" parent="WerewolfAnim/Armature/Skeleton3D" index="11"]
transform = Transform3D(0.969872, -0.228128, 0.0854758, 0.232272, 0.971742, -0.0420217, -0.0734744, 0.0606126, 0.995449, 0.0610748, -0.109826, -0.0278368)
bone_idx = 28

[node name="Feet Right" parent="WerewolfAnim/Armature/Skeleton3D" index="12"]
transform = Transform3D(0.722817, -0.601642, -0.339941, 0.630834, 0.775305, -0.0308244, 0.282105, -0.192168, 0.939933, 0.400438, -1.21777, 0.198447)
bone_idx = 33

[node name="Leg Lower Right" parent="WerewolfAnim/Armature/Skeleton3D" index="13"]
transform = Transform3D(0.908868, -0.292389, -0.297431, 0.319165, 0.946645, 0.0446809, 0.268501, -0.13554, 0.953688, 0.117728, -0.851394, 0.030439)
bone_idx = 34

[node name="Leg Upper Right" parent="WerewolfAnim/Armature/Skeleton3D" index="14"]
transform = Transform3D(0.947701, -0.249569, -0.198939, 0.253376, 0.967346, -0.00650685, 0.19407, -0.0442411, 0.979982, 0.0970647, -0.0905121, 0.0545645)
bone_idx = 35

[node name="Body Lower" parent="WerewolfAnim/Armature/Skeleton3D" index="15"]
transform = Transform3D(1, 2.98023e-08, 6.12651e-08, 2.98023e-08, 1, 2.64569e-08, -6.12651e-08, -2.64569e-08, 1, 1.04308e-07, 0.661327, -1.58078e-08)
bone_idx = 36

[node name="CollisionShape3D" type="CollisionShape3D" parent="."]
transform = Transform3D(1, 0, 0, 0, 1, 0, 0, 0, 1, 0, 2.91889, 0)
shape = SubResource("CapsuleShape3D_6n2ja")

[node name="BiteRange" type="Area3D" parent="."]

[node name="CollisionShape3D" type="CollisionShape3D" parent="BiteRange"]
transform = Transform3D(1, 0, 0, 0, 1, 0, 0, 0, 1, 0, 2.40382, -2.73321)
shape = SubResource("BoxShape3D_w256i")

[node name="DetectPlayer" type="Area3D" parent="."]

[node name="CollisionShape3D" type="CollisionShape3D" parent="DetectPlayer"]
transform = Transform3D(1, 0, 0, 0, 1, 0, 0, 0, 1, 0, 2.40382, -3.98102)
shape = SubResource("BoxShape3D_280fq")

[node name="NavigationAgent3D" type="NavigationAgent3D" parent="."]
path_height_offset = 0.5
path_max_distance = 10.71

[connection signal="body_entered" from="BiteRange" to="." method="_on_bite_range_body_entered"]
[connection signal="body_exited" from="BiteRange" to="." method="_on_bite_range_body_exited"]
[connection signal="body_entered" from="DetectPlayer" to="." method="_on_detect_player_body_entered"]
[connection signal="body_exited" from="DetectPlayer" to="." method="_on_detect_player_body_exited"]

[editable path="WerewolfAnim"]
