[gd_scene load_steps=10 format=3 uid="uid://dvjuks7llhcdr"]

[ext_resource type="Script" path="res://Scenes/Werewolf/werewolf.gd" id="1_64sjf"]
[ext_resource type="PackedScene" uid="uid://bh8ftpvfynreu" path="res://Assets/Models/Werewolf/WerewolfAnim.blend" id="2_siml5"]
[ext_resource type="AudioStream" uid="uid://n2gnde6qshe2" path="res://Assets/Sound/Music/Werewolf/chaseMusic.wav" id="3_e6b02"]
[ext_resource type="AudioStream" uid="uid://c87g3d20p6e6y" path="res://Assets/Sound/SoundEffects/Werewolf/werewolf_growl.wav" id="3_ixbd6"]
[ext_resource type="AudioStream" uid="uid://c54dbnfpxlc5s" path="res://Assets/Sound/SoundEffects/Werewolf/werewolf-breathing-and-sniffing.wav" id="4_ygpqp"]
[ext_resource type="AudioStream" uid="uid://bcpcbg52eydlj" path="res://Assets/Sound/SoundEffects/Werewolf/scream.wav" id="6_jqwge"]

[sub_resource type="CapsuleShape3D" id="CapsuleShape3D_6n2ja"]
radius = 1.0
height = 5.5992

[sub_resource type="BoxShape3D" id="BoxShape3D_w256i"]
size = Vector3(3.74378, 3.97616, 1)

[sub_resource type="BoxShape3D" id="BoxShape3D_280fq"]
size = Vector3(6.07473, 6.4086, 7.13153)

[node name="Werewolf" type="CharacterBody3D"]
script = ExtResource("1_64sjf")

[node name="WerewolfAnim" parent="." instance=ExtResource("2_siml5")]
transform = Transform3D(-1, 0, -8.74228e-08, 0, 1, 0, 8.74228e-08, 0, -1, 0, 0, 0)

[node name="Armature" parent="WerewolfAnim" index="0"]
transform = Transform3D(-0.0251661, -0.0440957, -0.99871, 0.0534748, 0.997537, -0.0453914, 0.998252, -0.0545482, -0.0227461, 0.00312287, 1.3041, 0.182251)

[node name="Skeleton3D" parent="WerewolfAnim/Armature" index="0"]
bones/1/rotation = Quaternion(0.0713679, -0.0379236, -0.613707, 0.785387)
bones/2/rotation = Quaternion(0.0150111, 0.00913683, -0.362128, 0.931963)
bones/3/rotation = Quaternion(-0.0225167, 0.0164282, 0.241464, 0.970009)
bones/7/rotation = Quaternion(-0.872536, -0.234499, -0.024718, 0.427878)
bones/8/rotation = Quaternion(-0.07737, -0.0409208, -0.219484, 0.971682)
bones/9/rotation = Quaternion(-0.0747282, -0.941932, -0.0223386, 0.32662)
bones/14/rotation = Quaternion(0.795967, 0.512652, 0.25541, 0.195937)
bones/15/rotation = Quaternion(0.111809, -0.00846789, -0.230493, 0.966592)
bones/16/rotation = Quaternion(0.152473, 0.891398, 0.012065, 0.426634)
bones/22/rotation = Quaternion(-0.911458, -0.382385, -0.0278644, 0.149161)
bones/23/rotation = Quaternion(-0.0411899, -0.0163311, 0.893965, 0.44594)
bones/24/rotation = Quaternion(0.0506233, 0.0277464, -0.796146, 0.602344)
bones/29/rotation = Quaternion(0.919493, 0.33737, 0.0861036, 0.182481)
bones/30/rotation = Quaternion(0.0107745, -0.077651, 0.807621, 0.584468)
bones/31/rotation = Quaternion(0.0439307, 0.020589, -0.879662, 0.473119)

[node name="Head" parent="WerewolfAnim/Armature/Skeleton3D" index="0"]
transform = Transform3D(0.890545, 0.450407, -0.0637441, -0.454243, 0.87299, -0.177628, -0.0243568, 0.187141, 0.982031, 1.11388, 2.68233, 0.463351)
bone_idx = 5

[node name="Neck" parent="WerewolfAnim/Armature/Skeleton3D" index="1"]
transform = Transform3D(0.831564, 0.543222, -0.115806, -0.555358, 0.816513, -0.157745, 0.00886591, 0.195489, 0.980666, 0.689051, 1.92328, 0.276793)
bone_idx = 6

[node name="Hand Left" parent="WerewolfAnim/Armature/Skeleton3D" index="2"]
transform = Transform3D(-0.40517, -0.244043, 0.881067, 0.469337, 0.771511, 0.429528, -0.784577, 0.587549, -0.198055, 2.1894, 0.270202, -1.54534)
bone_idx = 11

[node name="Arm Lower Left" parent="WerewolfAnim/Armature/Skeleton3D" index="3"]
transform = Transform3D(0.894818, -0.0281696, -0.445541, -0.287396, 0.72735, -0.623189, 0.341619, 0.685688, 0.642751, -0.226517, -0.709903, -2.33629)
bone_idx = 12

[node name="Arm Upper Left" parent="WerewolfAnim/Armature/Skeleton3D" index="4"]
transform = Transform3D(0.837623, 0.32549, -0.438686, -0.543811, 0.572679, -0.61344, 0.0515574, 0.752394, 0.656693, 0.231042, 1.18082, -0.209353)
bone_idx = 13

[node name="Hand Right" parent="WerewolfAnim/Armature/Skeleton3D" index="5"]
transform = Transform3D(-0.639669, -0.683546, -0.351552, -0.327154, 0.65598, -0.680191, 0.695553, -0.320085, -0.643236, 2.26774, 0.708879, 1.96811)
bone_idx = 18

[node name="Arm Lower Right" parent="WerewolfAnim/Armature/Skeleton3D" index="6"]
transform = Transform3D(0.854599, -0.37796, -0.3561, 0.46502, 0.862216, 0.200849, 0.231123, -0.337239, 0.912608, 1.25692, -1.61735, 1.12283)
bone_idx = 19

[node name="Arm Upper Right" parent="WerewolfAnim/Armature/Skeleton3D" index="7"]
transform = Transform3D(0.925756, 0.0177609, -0.377704, 0.0713513, 0.972745, 0.220624, 0.371328, -0.231194, 0.899258, 0.74998, 1.06539, 0.302987)
bone_idx = 20

[node name="Body Upper" parent="WerewolfAnim/Armature/Skeleton3D" index="8"]
transform = Transform3D(0.881293, 0.462847, -0.0953705, -0.472008, 0.87198, -0.129847, 0.023062, 0.159448, 0.986937, 0.335277, 1.25224, 0.154891)
bone_idx = 21

[node name="Feet Left" parent="WerewolfAnim/Armature/Skeleton3D" index="9"]
transform = Transform3D(0.984133, -0.0630307, 0.165858, 0.0970176, 0.973819, -0.205582, -0.148559, 0.218413, 0.964479, 0.340185, -0.925251, -0.109723)
bone_idx = 26

[node name="Leg Lower left" parent="WerewolfAnim/Armature/Skeleton3D" index="10"]
transform = Transform3D(0.969475, 0.121509, 0.212966, -0.086516, 0.982226, -0.166571, -0.229422, 0.143063, 0.962752, 0.228553, -0.319403, -0.0178924)
bone_idx = 27

[node name="Leg Upper Left" parent="WerewolfAnim/Armature/Skeleton3D" index="11"]
transform = Transform3D(0.716806, -0.692258, 0.0834666, 0.697183, 0.709648, -0.101659, 0.0111423, 0.131065, 0.991307, 0.0959153, 0.0183111, -0.0248806)
bone_idx = 28

[node name="Feet Right" parent="WerewolfAnim/Armature/Skeleton3D" index="12"]
transform = Transform3D(0.796283, -0.564163, -0.218291, 0.58738, 0.807369, 0.0560377, 0.144629, -0.172844, 0.974266, 0.326021, -0.81644, 0.274568)
bone_idx = 33

[node name="Leg Lower Right" parent="WerewolfAnim/Armature/Skeleton3D" index="13"]
transform = Transform3D(0.974383, -0.0929877, -0.204766, 0.120902, 0.984337, 0.128309, 0.189631, -0.14978, 0.970356, 0.185819, -0.48314, 0.159355)
bone_idx = 34

[node name="Leg Upper Right" parent="WerewolfAnim/Armature/Skeleton3D" index="14"]
transform = Transform3D(0.784114, -0.58042, -0.219718, 0.613906, 0.77732, 0.137445, 0.0910175, -0.242662, 0.965824, 0.134876, -0.0211303, 0.0767222)
bone_idx = 35

[node name="Body Lower" parent="WerewolfAnim/Armature/Skeleton3D" index="15"]
transform = Transform3D(1, 2.98023e-08, 6.12651e-08, 2.98023e-08, 1, 2.64569e-08, -6.12651e-08, -2.64569e-08, 1, 1.04308e-07, 0.661327, -1.58078e-08)
bone_idx = 36

[node name="CollisionShape3D" type="CollisionShape3D" parent="."]
transform = Transform3D(1, 0, 0, 0, 1, 0, 0, 0, 1, 0, 2.91889, 0)
shape = SubResource("CapsuleShape3D_6n2ja")

[node name="BiteRange" type="Area3D" parent="."]

[node name="CollisionShape3D" type="CollisionShape3D" parent="BiteRange"]
transform = Transform3D(1, 0, 0, 0, 1, 0, 0, 0, 1, 0, 2.40382, -2.73321)
shape = SubResource("BoxShape3D_w256i")

[node name="DetectPlayer" type="Area3D" parent="."]

[node name="CollisionShape3D" type="CollisionShape3D" parent="DetectPlayer"]
transform = Transform3D(1, 0, 0, 0, 1, 0, 0, 0, 1, 0, 2.40382, -3.98102)
shape = SubResource("BoxShape3D_280fq")

[node name="NavigationAgent3D" type="NavigationAgent3D" parent="."]
path_height_offset = 0.5
path_max_distance = 10.71

[node name="chaseMusic" type="AudioStreamPlayer" parent="."]
stream = ExtResource("3_e6b02")
bus = &"Music"

[node name="Growl" type="AudioStreamPlayer3D" parent="."]
stream = ExtResource("3_ixbd6")
unit_size = 7.87
pitch_scale = 0.72
bus = &"SoundEffects"

[node name="Breathing_Sniffing" type="AudioStreamPlayer3D" parent="."]
stream = ExtResource("4_ygpqp")
unit_size = 4.33
pitch_scale = 0.63
bus = &"Music"

[node name="Scream" type="AudioStreamPlayer" parent="."]
stream = ExtResource("6_jqwge")
bus = &"SoundEffects"

[connection signal="body_entered" from="BiteRange" to="." method="_on_bite_range_body_entered"]
[connection signal="body_exited" from="BiteRange" to="." method="_on_bite_range_body_exited"]
[connection signal="body_entered" from="DetectPlayer" to="." method="_on_detect_player_body_entered"]
[connection signal="body_exited" from="DetectPlayer" to="." method="_on_detect_player_body_exited"]

[editable path="WerewolfAnim"]
