[gd_scene load_steps=12 format=3 uid="uid://dvjuks7llhcdr"]

[ext_resource type="Script" path="res://Scenes/Werewolf/werewolf.gd" id="1_64sjf"]
[ext_resource type="PackedScene" uid="uid://bh8ftpvfynreu" path="res://Assets/Models/NPC/Werewolf/WerewolfAnim.blend" id="2_siml5"]
[ext_resource type="Shader" path="res://Shader/camerapixelation.gdshader" id="3_62uxq"]
[ext_resource type="AudioStream" uid="uid://n2gnde6qshe2" path="res://Assets/Sound/Music/Werewolf/chaseMusic.wav" id="3_e6b02"]
[ext_resource type="AudioStream" uid="uid://c87g3d20p6e6y" path="res://Assets/Sound/SoundEffects/Werewolf/werewolf_growl.wav" id="3_ixbd6"]
[ext_resource type="AudioStream" uid="uid://c54dbnfpxlc5s" path="res://Assets/Sound/SoundEffects/Werewolf/werewolf-breathing-and-sniffing.wav" id="4_ygpqp"]
[ext_resource type="AudioStream" uid="uid://bcpcbg52eydlj" path="res://Assets/Sound/SoundEffects/Werewolf/scream.wav" id="6_jqwge"]

[sub_resource type="ShaderMaterial" id="ShaderMaterial_fxrpj"]
render_priority = 0
shader = ExtResource("3_62uxq")

[sub_resource type="PlaneMesh" id="PlaneMesh_rpm5k"]
material = SubResource("ShaderMaterial_fxrpj")

[sub_resource type="CapsuleShape3D" id="CapsuleShape3D_6n2ja"]
radius = 1.0
height = 5.5992

[sub_resource type="BoxShape3D" id="BoxShape3D_w256i"]
size = Vector3(3.74378, 5.37165, 1)

[node name="Werewolf" type="CharacterBody3D"]
script = ExtResource("1_64sjf")

[node name="WerewolfAnim" parent="." instance=ExtResource("2_siml5")]
transform = Transform3D(-1, 0, -8.74228e-08, 0, 1, 0, 8.74228e-08, 0, -1, 0, 0, 0)

[node name="Armature" parent="WerewolfAnim" index="0"]
transform = Transform3D(-0.323414, -0.0129418, -0.946169, -0.192409, 0.979917, 0.0523648, 0.926489, 0.198987, -0.319409, -0.0574859, 1.55758, 0.169795)

[node name="Skeleton3D" parent="WerewolfAnim/Armature" index="0"]
bones/1/rotation = Quaternion(0.0106741, -0.00816483, -0.301985, 0.953218)
bones/2/rotation = Quaternion(0.0016509, 0.00953547, -0.389731, 0.920878)
bones/3/rotation = Quaternion(-0.0329831, 0.0135419, 0.238133, 0.970578)
bones/7/rotation = Quaternion(-0.969001, -0.0350376, 0.0183291, 0.243872)
bones/8/rotation = Quaternion(-0.237764, -0.0322668, -0.642935, 0.727367)
bones/9/rotation = Quaternion(0.054332, -0.538932, -0.187964, 0.819311)
bones/14/rotation = Quaternion(0.981828, 0.0868843, 0.125338, 0.112938)
bones/15/rotation = Quaternion(0.323762, -0.00863713, -0.636566, 0.69992)
bones/16/rotation = Quaternion(0.0696861, 0.52431, 0.0329558, 0.848031)
bones/22/rotation = Quaternion(-0.896752, -0.336147, 0.0280353, 0.286453)
bones/23/rotation = Quaternion(-0.0552239, -0.0385903, 0.653146, 0.754229)
bones/24/rotation = Quaternion(-0.0841465, -0.114228, -0.790265, 0.596114)
bones/29/rotation = Quaternion(0.92526, 0.292246, 0.123269, 0.208066)
bones/30/rotation = Quaternion(-0.0208449, -0.00541934, 0.656016, 0.75444)
bones/31/rotation = Quaternion(0.116914, 0.108417, -0.818576, 0.551824)

[node name="Head" parent="WerewolfAnim/Armature/Skeleton3D" index="0"]
transform = Transform3D(0.983665, -0.167731, 0.0653462, 0.168117, 0.985767, -0.000415153, -0.0643465, 0.0113942, 0.997863, -0.504702, 3.39754, 0.0822074)
bone_idx = 5

[node name="LeftEye" type="OmniLight3D" parent="WerewolfAnim/Armature/Skeleton3D/Head" index="0"]
transform = Transform3D(-0.0219443, -0.404398, -0.91432, 0.236729, 0.88643, -0.397744, 0.971328, -0.225175, 0.0762808, 1.23127, -0.0844474, -0.287888)
light_color = Color(0.466667, 0, 0, 1)
light_energy = 16.0
light_volumetric_fog_energy = 16.0
omni_range = 0.2

[node name="RightEye" type="OmniLight3D" parent="WerewolfAnim/Armature/Skeleton3D/Head" index="1"]
transform = Transform3D(-0.0219443, -0.404398, -0.91432, 0.236729, 0.88643, -0.397744, 0.971328, -0.225175, 0.0762808, 1.24966, -0.0301294, 0.282623)
light_color = Color(0.466667, 0, 0, 1)
light_energy = 16.0
light_volumetric_fog_energy = 16.0
omni_range = 0.2

[node name="Neck" parent="WerewolfAnim/Armature/Skeleton3D" index="1"]
transform = Transform3D(0.997833, -0.0656861, 0.00372178, 0.065778, 0.997175, -0.036267, -0.00132903, 0.0364332, 0.999335, -0.383646, 2.51473, 0.0438333)
bone_idx = 6

[node name="Hand Left" parent="WerewolfAnim/Armature/Skeleton3D" index="2"]
transform = Transform3D(-0.248799, -0.964441, 0.0891801, 0.489455, -0.0457417, 0.870829, -0.835783, 0.260311, 0.483431, 1.04433, 1.47543, 0.0729699)
bone_idx = 11

[node name="Arm Lower Left" parent="WerewolfAnim/Armature/Skeleton3D" index="3"]
transform = Transform3D(0.475242, -0.842548, -0.25349, 0.854051, 0.511007, -0.0973099, 0.211524, -0.170248, 0.962431, 0.817621, -0.360474, -0.188867)
bone_idx = 12

[node name="Arm Upper Left" parent="WerewolfAnim/Armature/Skeleton3D" index="4"]
transform = Transform3D(0.959621, 0.276358, 0.0524814, -0.245093, 0.912995, -0.326144, -0.138048, 0.300112, 0.943862, -0.341492, 1.84869, -0.0560185)
bone_idx = 13

[node name="Hand Right" parent="WerewolfAnim/Armature/Skeleton3D" index="5"]
transform = Transform3D(0.158215, -0.986924, 0.0308049, 0.257945, 0.0111966, -0.966094, 0.953117, 0.160797, 0.256344, 0.710213, 1.83729, -0.190562)
bone_idx = 18

[node name="Arm Lower Right" parent="WerewolfAnim/Armature/Skeleton3D" index="6"]
transform = Transform3D(0.338054, -0.913064, 0.228109, 0.930177, 0.287291, -0.22855, 0.143147, 0.289444, 0.946431, 1.13272, 0.151806, -0.50371)
bone_idx = 19

[node name="Arm Upper Right" parent="WerewolfAnim/Armature/Skeleton3D" index="7"]
transform = Transform3D(0.964634, 0.17943, -0.193098, -0.17851, 0.983685, 0.0222964, 0.193948, 0.0129622, 0.980926, -0.234707, 1.99973, 0.0205487)
bone_idx = 20

[node name="Body Upper" parent="WerewolfAnim/Armature/Skeleton3D" index="8"]
transform = Transform3D(0.975113, -0.221412, -0.0114847, 0.221089, 0.974951, -0.0242977, 0.0165768, 0.0211538, 0.999639, -0.210688, 1.76997, 0.0288744)
bone_idx = 21

[node name="Camera3D" type="Camera3D" parent="WerewolfAnim/Armature/Skeleton3D/Body Upper" index="1"]
transform = Transform3D(-0.0809454, 0.0527999, 0.995319, -0.00581138, 0.998554, -0.0534442, -0.996702, -0.0101102, -0.0805215, 2.8465, 1.14429, -0.0530888)

[node name="MeshInstance3D" type="MeshInstance3D" parent="WerewolfAnim/Armature/Skeleton3D/Body Upper/Camera3D"]
transform = Transform3D(2.4397, 0, 0, 0, -4.37114e-08, -1, 0, 1, -4.37114e-08, 0.0301274, -0.0447097, -0.181395)
mesh = SubResource("PlaneMesh_rpm5k")

[node name="Feet Left" parent="WerewolfAnim/Armature/Skeleton3D" index="9"]
transform = Transform3D(0.504883, -0.712771, 0.486878, 0.765909, 0.630049, 0.12814, -0.398088, 0.308214, 0.864017, 0.741316, -0.821943, -0.797771)
bone_idx = 26

[node name="Leg Lower left" parent="WerewolfAnim/Armature/Skeleton3D" index="10"]
transform = Transform3D(0.736146, -0.469869, 0.487145, 0.618301, 0.759632, -0.201647, -0.275303, 0.449647, 0.849718, 0.4177, -0.641356, -0.328072)
bone_idx = 27

[node name="Leg Upper Left" parent="WerewolfAnim/Armature/Skeleton3D" index="11"]
transform = Transform3D(0.72911, -0.580303, 0.362828, 0.667087, 0.721057, -0.187269, -0.152948, 0.378582, 0.91284, 0.156676, -0.0143437, -0.127586)
bone_idx = 28

[node name="Feet Right" parent="WerewolfAnim/Armature/Skeleton3D" index="12"]
transform = Transform3D(0.551893, -0.693391, -0.463269, 0.723593, 0.67433, -0.147278, 0.414519, -0.253941, 0.873885, 0.601852, -0.944317, 0.603026)
bone_idx = 33

[node name="Leg Lower Right" parent="WerewolfAnim/Armature/Skeleton3D" index="13"]
transform = Transform3D(0.815212, -0.377567, -0.439169, 0.482632, 0.862039, 0.154768, 0.320149, -0.338128, 0.884964, 0.340509, -0.714558, 0.216724)
bone_idx = 34

[node name="Leg Upper Right" parent="WerewolfAnim/Armature/Skeleton3D" index="14"]
transform = Transform3D(0.816108, -0.494181, -0.299581, 0.546042, 0.829153, 0.119759, 0.189219, -0.261323, 0.946516, 0.147917, -0.0401319, 0.106297)
bone_idx = 35

[node name="Body Lower" parent="WerewolfAnim/Armature/Skeleton3D" index="15"]
transform = Transform3D(1, 2.98023e-08, 6.12651e-08, 2.98023e-08, 1, 2.64569e-08, -6.12651e-08, -2.64569e-08, 1, 1.04308e-07, 0.661327, -1.58078e-08)
bone_idx = 36

[node name="CollisionShape3D" type="CollisionShape3D" parent="."]
transform = Transform3D(1, 0, 0, 0, 1, 0, 0, 0, 1, 0, 2.91889, 0)
shape = SubResource("CapsuleShape3D_6n2ja")

[node name="PlayerTooClose" type="Area3D" parent="."]

[node name="CollisionPolygon3D" type="CollisionPolygon3D" parent="PlayerTooClose"]
transform = Transform3D(1, 0, 0, 0, 0.0618499, 0.998085, 0, -0.998085, 0.0618499, 0, 2.2034, 1.1569)
depth = 5.0
polygon = PackedVector2Array(-0.964603, 0.512069, 0.942863, 0.599505, 2.52664, 8.84695, -2.87089, 8.84601)

[node name="BiteRange" type="Area3D" parent="."]

[node name="CollisionShape3D" type="CollisionShape3D" parent="BiteRange"]
transform = Transform3D(1, 0, 0, 0, 1, 0, 0, 0, 1, 0, 2.28451, -2.73321)
shape = SubResource("BoxShape3D_w256i")

[node name="DetectPlayer" type="Area3D" parent="."]

[node name="CollisionPolygon3D" type="CollisionPolygon3D" parent="DetectPlayer"]
transform = Transform3D(1, 0, 0, 0, 0.0618499, 0.998085, 0, -0.998085, 0.0618499, 0, 2.2034, 1.1569)
depth = 5.0
polygon = PackedVector2Array(-0.964603, 0.512069, 0.942863, 0.599505, 15.1154, 14.877, -14.3672, 15.7806)

[node name="NavigationAgent3D" type="NavigationAgent3D" parent="."]
path_height_offset = 0.5
path_max_distance = 10.71

[node name="chaseMusic" type="AudioStreamPlayer" parent="."]
stream = ExtResource("3_e6b02")
volume_db = -80.0
bus = &"Music"

[node name="Growl" type="AudioStreamPlayer3D" parent="."]
stream = ExtResource("3_ixbd6")
unit_size = 7.87
pitch_scale = 0.72
bus = &"SoundEffects"

[node name="Breathing_Sniffing" type="AudioStreamPlayer3D" parent="."]
stream = ExtResource("4_ygpqp")
unit_size = 4.33
pitch_scale = 0.63
bus = &"Music"

[node name="Scream" type="AudioStreamPlayer" parent="."]
stream = ExtResource("6_jqwge")
bus = &"SoundEffects"

[node name="SpotLight3D" type="SpotLight3D" parent="."]
transform = Transform3D(1, 0, 0, 0, 1, 0, 0, 0, 1, 0, 0, -0.562483)
light_color = Color(0.466667, 0, 0, 1)
light_energy = 10.0
light_volumetric_fog_energy = 5.0
spot_range = 13.8714
spot_angle = 46.9678

[connection signal="body_entered" from="PlayerTooClose" to="." method="_on_player_too_close_body_entered"]
[connection signal="body_entered" from="BiteRange" to="." method="_on_bite_range_body_entered"]
[connection signal="body_entered" from="DetectPlayer" to="." method="_on_detect_player_body_entered"]

[editable path="WerewolfAnim"]
