[gd_scene load_steps=5 format=3 uid="uid://b7qbp4r27pssi"]

[ext_resource type="PackedScene" uid="uid://bnepf0v83qkvw" path="res://Assets/Models/Werewolf/werewolf.fbx" id="1_f5q1q"]
[ext_resource type="Shader" path="res://Shader/pixelate.gdshader" id="2_bw22d"]
[ext_resource type="Texture2D" uid="uid://dreda0xe8l4qb" path="res://Assets/Models/Werewolf/werewolf.fbm/WerewolfUPVMap.png" id="3_ll3kx"]

[sub_resource type="ShaderMaterial" id="ShaderMaterial_qankl"]
render_priority = 0
shader = ExtResource("2_bw22d")
shader_parameter/jitter = 0.0
shader_parameter/jitter_z_coordinate = true
shader_parameter/jitter_depth_independent = true
shader_parameter/affine_texture_mapping = true
shader_parameter/alpha_scissor = 1.0
shader_parameter/albedo_color = Color(1, 1, 1, 1)
shader_parameter/emission_color = Color(1, 1, 1, 1)
shader_parameter/texture_size = Vector2(1, 1)
shader_parameter/albedo = ExtResource("3_ll3kx")

[node name="werewolf" instance=ExtResource("1_f5q1q")]

[node name="Body Lower" parent="RootNode/Armature/Skeleton3D" index="0"]
transform = Transform3D(1, -4.59082e-08, -5.96046e-08, 6.54745e-08, 1, 9.70654e-08, 8.9407e-08, 6.75401e-08, 1, 9.31323e-10, 8.57098e-11, 0.00661327)
bone_idx = 1

[node name="Body Lower" parent="RootNode/Armature/Skeleton3D/Body Lower" index="0"]
surface_material_override/0 = SubResource("ShaderMaterial_qankl")

[node name="Body Upper" parent="RootNode/Armature/Skeleton3D" index="1"]
transform = Transform3D(0.964993, 1.47149e-07, -0.262276, 2.82925e-07, 1, 1.49602e-06, 0.262276, -1.52732e-06, 0.964993, -0.00252976, 1.50821e-08, 0.0178655)
bone_idx = 3

[node name="Body Upper" parent="RootNode/Armature/Skeleton3D/Body Upper" index="0"]
surface_material_override/0 = SubResource("ShaderMaterial_qankl")

[node name="Neck" parent="RootNode/Armature/Skeleton3D" index="2"]
transform = Transform3D(0.964993, 2.57964e-07, -0.262276, 1.74325e-07, 1, 1.47108e-06, 0.262276, -1.36636e-06, 0.964993, -0.00456089, 2.71557e-08, 0.0253386)
bone_idx = 5

[node name="Neck" parent="RootNode/Armature/Skeleton3D/Neck" index="0"]
surface_material_override/0 = SubResource("ShaderMaterial_qankl")

[node name="Head" parent="RootNode/Armature/Skeleton3D" index="3"]
transform = Transform3D(0.964993, 1.67609e-07, -0.262276, 2.80471e-07, 1, 1.58451e-06, 0.262276, -1.51733e-06, 0.964993, -0.00698967, 4.15929e-08, 0.0342749)
bone_idx = 7

[node name="Head" parent="RootNode/Armature/Skeleton3D/Head" index="0"]
surface_material_override/0 = SubResource("ShaderMaterial_qankl")

[node name="Arm Upper Left" parent="RootNode/Armature/Skeleton3D" index="4"]
transform = Transform3D(0.94074, -0.329822, 0.0789083, 0.121588, 0.110815, -0.986376, 0.316584, 0.937517, 0.14435, -0.00160357, 0.00874862, 0.015312)
bone_idx = 10

[node name="Arm Upper Left" parent="RootNode/Armature/Skeleton3D/Arm Upper Left" index="0"]
surface_material_override/0 = SubResource("ShaderMaterial_qankl")

[node name="Arm Lower Left" parent="RootNode/Armature/Skeleton3D" index="5"]
transform = Transform3D(0.94074, -0.329822, 0.0789082, 0.121588, 0.110815, -0.986375, 0.316584, 0.937517, 0.14435, -0.00584966, 0.0350126, 0.0107138)
bone_idx = 12

[node name="Arm Lower Left" parent="RootNode/Armature/Skeleton3D/Arm Lower Left" index="0"]
surface_material_override/0 = SubResource("ShaderMaterial_qankl")

[node name="Hand Left" parent="RootNode/Armature/Skeleton3D" index="6"]
transform = Transform3D(-0.276836, -0.950528, -0.140918, 0.121595, 0.110819, -0.986374, 0.953193, -0.290199, 0.0849008, 0.0121961, 0.0263835, 0.0191728)
bone_idx = 14

[node name="Hand Left" parent="RootNode/Armature/Skeleton3D/Hand Left" index="0"]
surface_material_override/0 = SubResource("ShaderMaterial_qankl")

[node name="Arm Upper Right" parent="RootNode/Armature/Skeleton3D" index="7"]
transform = Transform3D(0.92689, 0.374829, 0.0194462, -0.0726681, 0.128384, 0.989058, 0.368231, -0.918162, 0.146236, -0.00109049, -0.008888, 0.015342)
bone_idx = 17

[node name="Arm Upper Right" parent="RootNode/Armature/Skeleton3D/Arm Upper Right" index="0"]
surface_material_override/0 = SubResource("ShaderMaterial_qankl")

[node name="Arm Lower Right" parent="RootNode/Armature/Skeleton3D" index="8"]
transform = Transform3D(0.92689, 0.374829, 0.0194462, -0.0726682, 0.128384, 0.989059, 0.368231, -0.918162, 0.146236, -0.00370551, -0.0353345, 0.0105765)
bone_idx = 19

[node name="Arm Lower Right" parent="RootNode/Armature/Skeleton3D/Arm Lower Right" index="0"]
surface_material_override/0 = SubResource("ShaderMaterial_qankl")

[node name="Hand Right" parent="RootNode/Armature/Skeleton3D" index="9"]
transform = Transform3D(-0.326055, 0.934133, -0.145205, -0.0726612, 0.12838, 0.989059, 0.942554, 0.333039, 0.0260161, 0.0135482, -0.026571, 0.0200104)
bone_idx = 21

[node name="Hand Right" parent="RootNode/Armature/Skeleton3D/Hand Right" index="0"]
surface_material_override/0 = SubResource("ShaderMaterial_qankl")

[node name="Leg Upper Left" parent="RootNode/Armature/Skeleton3D" index="10"]
transform = Transform3D(1, -1.45519e-08, 3.85946e-07, 6.88015e-08, 1, -7.7486e-07, -3.28844e-07, -5.81145e-07, 0.999999, 0, -9.31323e-10, -0.00151016)
bone_idx = 24

[node name="Leg Upper Left" parent="RootNode/Armature/Skeleton3D/Leg Upper Left" index="0"]
surface_material_override/0 = SubResource("ShaderMaterial_qankl")

[node name="Leg Lower left" parent="RootNode/Armature/Skeleton3D" index="11"]
transform = Transform3D(0.766185, 1.25356e-06, -0.64262, 1.15206e-06, 1, 3.26522e-06, 0.64262, -4.65475e-06, 0.766185, -0.000303207, -6.51926e-09, -0.010941)
bone_idx = 26

[node name="Leg Lower left" parent="RootNode/Armature/Skeleton3D/Leg Lower left" index="0"]
surface_material_override/0 = SubResource("ShaderMaterial_qankl")

[node name="Feet Left" parent="RootNode/Armature/Skeleton3D" index="12"]
transform = Transform3D(0.766186, 1.08778e-06, -0.642619, 1.00117e-06, 1, 2.9467e-06, 0.642619, -4.27663e-06, 0.766186, 0.00598367, -2.91038e-08, -0.0149248)
bone_idx = 28

[node name="Feet Left" parent="RootNode/Armature/Skeleton3D/Feet Left" index="0"]
surface_material_override/0 = SubResource("ShaderMaterial_qankl")

[node name="Leg Upper Right" parent="RootNode/Armature/Skeleton3D" index="13"]
transform = Transform3D(1, 1.63913e-07, -6.10948e-07, 5.51343e-07, 1, -4.99189e-07, 6.77072e-07, 1.86265e-07, 1, -6.98492e-10, 2.32831e-10, -0.00151016)
bone_idx = 31

[node name="Leg Upper Right" parent="RootNode/Armature/Skeleton3D/Leg Upper Right" index="0"]
surface_material_override/0 = SubResource("ShaderMaterial_qankl")

[node name="Leg Lower Right" parent="RootNode/Armature/Skeleton3D" index="14"]
transform = Transform3D(0.766185, 1.59256e-06, -0.64262, 1.52923e-06, 1, 3.23926e-06, 0.64262, -3.72529e-06, 0.766185, -0.000244996, -6.51926e-09, -0.0109199)
bone_idx = 33

[node name="Leg Lower Right" parent="RootNode/Armature/Skeleton3D/Leg Lower Right" index="0"]
surface_material_override/0 = SubResource("ShaderMaterial_qankl")

[node name="Feet Right" parent="RootNode/Armature/Skeleton3D" index="15"]
transform = Transform3D(0.766186, 1.12318e-06, -0.642619, 1.81794e-06, 1, 2.92156e-06, 0.642619, -3.68059e-06, 0.766186, 0.00604188, -2.6077e-08, -0.0149037)
bone_idx = 35

[node name="Feet Right" parent="RootNode/Armature/Skeleton3D/Feet Right" index="0"]
surface_material_override/0 = SubResource("ShaderMaterial_qankl")
