[gd_scene load_steps=6 format=3 uid="uid://wk2lsgfxme8h"]

[ext_resource type="Script" path="res://Assets/Models/NPC/Man1/NPC.gd" id="1_ut1w1"]
[ext_resource type="PackedScene" uid="uid://bhlxfclvx6hst" path="res://Assets/Models/NPC/Mother/MotherAnim.blend" id="2_x7trr"]
[ext_resource type="Script" path="res://Scenes/Interactable.gd" id="3_phbyn"]

[sub_resource type="CapsuleShape3D" id="CapsuleShape3D_r1n5f"]
height = 4.06401

[sub_resource type="CapsuleShape3D" id="CapsuleShape3D_771kj"]
height = 4.13655

[node name="Mother" type="CharacterBody3D"]
collision_layer = 2
collision_mask = 0
script = ExtResource("1_ut1w1")

[node name="MotherAnim" parent="." instance=ExtResource("2_x7trr")]
transform = Transform3D(-1, 0, -8.74228e-08, 0, 1, 0, 8.74228e-08, 0, -1, 0, 0, 0)

[node name="Armature" parent="MotherAnim" index="0"]
transform = Transform3D(0.00805182, -0.00046915, -0.999967, 0.324895, 0.945747, 0.00217237, 0.945716, -0.324901, 0.00776742, 0.0190724, 1.01408, 0.091316)

[node name="Skeleton3D" parent="MotherAnim/Armature" index="0"]
bones/1/rotation = Quaternion(-0.00724659, 0.0129946, -0.134038, 0.990865)
bones/2/rotation = Quaternion(-0.000969184, 0.105837, -0.301793, 0.94748)
bones/3/rotation = Quaternion(-0.01511, 0.0771899, -0.0243122, 0.996605)
bones/7/rotation = Quaternion(-0.930973, -0.240214, -0.273558, 0.0274215)
bones/8/rotation = Quaternion(1.26857e-07, 4.74122e-08, -0.39389, 0.919158)
bones/9/rotation = Quaternion(-0.0518516, 0.408541, -0.0163714, 0.911119)
bones/14/rotation = Quaternion(0.94224, 0.207559, -0.25584, 0.0604073)
bones/15/rotation = Quaternion(-6.35004e-08, -1.03934e-07, -0.604913, 0.796292)
bones/16/rotation = Quaternion(0.176299, -0.475901, 0.00720845, 0.861618)
bones/22/rotation = Quaternion(0.858546, 0.50768, 0.0048365, 0.0716644)
bones/23/rotation = Quaternion(0.031781, -0.0609542, 0.717376, 0.693287)
bones/24/rotation = Quaternion(0.261262, -0.00745249, -0.649253, 0.714252)
bones/29/rotation = Quaternion(-0.774078, -0.608194, -0.0359537, 0.172078)
bones/30/rotation = Quaternion(0.103592, 0.00720308, 0.528644, 0.842468)
bones/31/rotation = Quaternion(-0.153749, -0.102314, -0.422087, 0.887544)

[node name="Head" parent="MotherAnim/Armature/Skeleton3D" index="0"]
transform = Transform3D(0.283343, 0.419489, 0.16878, -0.411755, 0.321679, -0.108264, -0.186856, -0.0727502, 0.494503, 0.695845, 1.55015, -0.107894)
bone_idx = 5

[node name="Neck" parent="MotherAnim/Armature/Skeleton3D" index="1"]
transform = Transform3D(0.609195, 0.766212, 0.204451, -0.765089, 0.635691, -0.102642, -0.208614, -0.0938943, 0.97348, 0.297949, 1.23481, -0.0286542)
bone_idx = 6

[node name="Hands Left" parent="MotherAnim/Armature/Skeleton3D" index="2"]
transform = Transform3D(-0.146427, -0.212921, -0.966035, 0.584095, 0.76954, -0.258147, 0.798367, -0.602056, 0.0116844, -0.241872, 0.0856333, -0.0338966)
bone_idx = 11

[node name="Arm Lower Left" parent="MotherAnim/Armature/Skeleton3D" index="3"]
transform = Transform3D(0.423147, -0.22179, -0.878496, 0.86131, 0.399408, 0.314032, 0.281229, -0.88954, 0.360039, -0.296025, 0.895787, -0.187492)
bone_idx = 12

[node name="Arm Upper Left" parent="MotherAnim/Armature/Skeleton3D" index="4"]
transform = Transform3D(0.837481, 0.138951, -0.528506, 0.227014, 0.791268, 0.567766, 0.497082, -0.595472, 0.631128, -0.0460727, 1.28094, -0.214795)
bone_idx = 13

[node name="Hands Right" parent="MotherAnim/Armature/Skeleton3D" index="5"]
transform = Transform3D(-0.52712, -0.236052, 0.816348, 0.477931, 0.711968, 0.514474, -0.702656, 0.661348, -0.262476, -0.0695447, 0.0479816, 0.23639)
bone_idx = 18

[node name="Arm Lower Right" parent="MotherAnim/Armature/Skeleton3D" index="6"]
transform = Transform3D(0.0639797, -0.280255, 0.957791, 0.985694, 0.167707, -0.0167716, -0.155928, 0.945162, 0.286976, -0.323617, 0.733438, 0.251733)
bone_idx = 19

[node name="Arm Upper Right" parent="MotherAnim/Armature/Skeleton3D" index="7"]
transform = Transform3D(0.836106, 0.188144, 0.515295, 0.133618, 0.841206, -0.523946, -0.532046, 0.506927, 0.678198, -0.00572754, 1.26999, 0.185042)
bone_idx = 20

[node name="Torso Upper" parent="MotherAnim/Armature/Skeleton3D" index="8"]
transform = Transform3D(0.96373, 0.265438, 0.0276945, -0.265815, 0.963962, 0.0108773, -0.0238092, -0.0178444, 0.999557, 0.15473, 0.915751, -0.00247509)
bone_idx = 21

[node name="Feet Left" parent="MotherAnim/Armature/Skeleton3D" index="9"]
transform = Transform3D(0.925534, 0.324964, 0.194376, -0.317556, 0.945726, -0.0690151, -0.206253, 0.00215045, 0.978496, 0.4321, -1.0203, 0.0982155)
bone_idx = 26

[node name="Leg Lower Left" parent="MotherAnim/Armature/Skeleton3D" index="10"]
transform = Transform3D(0.887963, 0.458896, 0.0305524, -0.459862, 0.886879, 0.0444378, -0.00670406, -0.0535093, 0.998544, 1.06907, 0.243788, 0.0391123)
bone_idx = 27

[node name="Legs Upper Left" parent="MotherAnim/Armature/Skeleton3D" index="11"]
transform = Transform3D(0.440548, -0.896151, -0.0532019, 0.894937, 0.433736, 0.10469, -0.0707423, -0.0937331, 0.993081, 0.0705727, -0.0222897, 0.00718385)
bone_idx = 28

[node name="Feet Right" parent="MotherAnim/Armature/Skeleton3D" index="12"]
transform = Transform3D(0.931171, 0.227678, 0.284743, -0.085151, 0.895247, -0.437362, -0.354492, 0.383014, 0.853015, 0.929941, -0.717561, -0.4887)
bone_idx = 33

[node name="Leg Lower Right" parent="MotherAnim/Armature/Skeleton3D" index="13"]
transform = Transform3D(0.938291, -0.219294, 0.267425, 0.316445, 0.856367, -0.408043, -0.139532, 0.46749, 0.872917, 0.601414, 0.532701, 0.197346)
bone_idx = 34

[node name="Legs Upper Right" parent="MotherAnim/Armature/Skeleton3D" index="14"]
transform = Transform3D(0.209844, -0.969901, 0.123522, 0.938053, 0.164088, -0.305175, 0.275721, 0.179909, 0.944251, 0.0633541, 0.0420282, -0.00580853)
bone_idx = 35

[node name="Torso Lower" parent="MotherAnim/Armature/Skeleton3D" index="15"]
transform = Transform3D(1, 1.58725e-08, -2.09547e-09, -1.58725e-08, 1, 7.98609e-08, 2.09547e-09, -7.98609e-08, 1, 7.57522e-08, 0.936643, 0.00791555)
bone_idx = 36

[node name="CollisionShape3D" type="CollisionShape3D" parent="."]
transform = Transform3D(1, 0, 0, 0, 1, 0, 0, 0, 1, -0.133924, 1.74338, -0.230516)
shape = SubResource("CapsuleShape3D_r1n5f")

[node name="StaticBodyInteraction" type="Area3D" parent="." groups=["Objective"]]
transform = Transform3D(1, 0, 0, 0, 1, 0, 0, 0, 1, -0.212663, 0, 0.265329)
collision_layer = 8
script = ExtResource("3_phbyn")
Dialogue_Path = "res://Assets/Dialogues/TestDialogue.json"
prompt_message = "Mother"

[node name="CollisionShape3D" type="CollisionShape3D" parent="StaticBodyInteraction"]
transform = Transform3D(1, 0, 0, 0, 1, 0, 0, 0, 1, 0.0787395, 1.74338, -0.531831)
shape = SubResource("CapsuleShape3D_771kj")

[node name="NavigationAgent3D" type="NavigationAgent3D" parent="."]
avoidance_enabled = true
radius = 1.0
max_neighbors = 20
debug_enabled = true

[node name="Idle_Walking" type="Timer" parent="."]
one_shot = true

[editable path="MotherAnim"]
