[gd_scene load_steps=6 format=3 uid="uid://wk2lsgfxme8h"]

[ext_resource type="Script" path="res://Assets/Models/NPC/Man1/NPC.gd" id="1_ut1w1"]
[ext_resource type="PackedScene" uid="uid://bhlxfclvx6hst" path="res://Assets/Models/NPC/Mother/MotherAnim.blend" id="2_x7trr"]
[ext_resource type="Script" path="res://Scenes/Interactable.gd" id="3_phbyn"]

[sub_resource type="CapsuleShape3D" id="CapsuleShape3D_r1n5f"]
height = 4.06401

[sub_resource type="CapsuleShape3D" id="CapsuleShape3D_771kj"]
height = 4.13655

[node name="Mother" type="CharacterBody3D"]
script = ExtResource("1_ut1w1")

[node name="MotherAnim" parent="." instance=ExtResource("2_x7trr")]
transform = Transform3D(-1, 0, -8.74228e-08, 0, 1, 0, 8.74228e-08, 0, -1, 0, 0, 0)

[node name="Armature" parent="MotherAnim" index="0"]
transform = Transform3D(0.0101971, 0.0119575, -0.999876, 0.313185, 0.94958, 0.01455, 0.949638, -0.313294, 0.00593806, 0.0186022, 1.01258, 0.0918517)

[node name="Skeleton3D" parent="MotherAnim/Armature" index="0"]
bones/1/rotation = Quaternion(-0.00607856, 0.00960004, -0.136672, 0.990551)
bones/2/rotation = Quaternion(-0.0326905, -0.0124863, -0.295197, 0.954795)
bones/3/rotation = Quaternion(-0.0149587, -0.0370194, -0.012176, 0.999128)
bones/7/rotation = Quaternion(-0.941619, -0.182901, -0.279575, 0.0417079)
bones/8/rotation = Quaternion(9.51781e-08, -5.39459e-08, -0.450781, 0.892635)
bones/9/rotation = Quaternion(-0.0243183, 0.384968, -0.070253, 0.919931)
bones/14/rotation = Quaternion(0.954667, 0.192104, -0.227376, 0.00275077)
bones/15/rotation = Quaternion(-1.5019e-07, 7.06262e-08, -0.485351, 0.87432)
bones/16/rotation = Quaternion(0.246367, -0.476567, 0.0212674, 0.843644)
bones/22/rotation = Quaternion(0.855018, 0.514388, 0.00255292, 0.0659063)
bones/23/rotation = Quaternion(0.0332835, -0.0599145, 0.719672, 0.690923)
bones/24/rotation = Quaternion(0.260683, -0.00188718, -0.651648, 0.712317)
bones/29/rotation = Quaternion(-0.770201, -0.612388, -0.0332533, 0.175115)
bones/30/rotation = Quaternion(0.100574, 0.0130557, 0.530297, 0.841724)
bones/31/rotation = Quaternion(-0.151735, -0.100623, -0.420552, 0.888812)

[node name="Head" parent="MotherAnim/Armature/Skeleton3D" index="0"]
transform = Transform3D(0.333965, 0.416139, 0.00601141, -0.411807, 0.329305, 0.0819414, 0.0601926, -0.055923, 0.527248, 0.702786, 1.54949, -0.089494)
bone_idx = 5

[node name="Neck" parent="MotherAnim/Armature/Skeleton3D" index="1"]
transform = Transform3D(0.642967, 0.765087, 0.0351472, -0.764997, 0.639316, 0.0778104, 0.0370616, -0.076917, 0.996348, 0.303047, 1.23314, -0.0244338)
bone_idx = 6

[node name="Hands Left" parent="MotherAnim/Armature/Skeleton3D" index="2"]
transform = Transform3D(-0.187993, -0.272045, -0.943743, 0.653283, 0.682866, -0.326978, 0.733402, -0.678001, 0.0493481, -0.237853, 0.0410047, 0.0119746)
bone_idx = 11

[node name="Arm Lower Left" parent="MotherAnim/Armature/Skeleton3D" index="3"]
transform = Transform3D(0.419241, -0.199227, -0.885746, 0.861722, 0.394433, 0.319152, 0.285783, -0.897068, 0.337041, -0.321695, 0.893103, -0.212237)
bone_idx = 12

[node name="Arm Upper Left" parent="MotherAnim/Armature/Skeleton3D" index="4"]
transform = Transform3D(0.845723, 0.238888, -0.477164, 0.103797, 0.803474, 0.586221, 0.52343, -0.545308, 0.654721, -0.00655076, 1.28798, -0.19673)
bone_idx = 13

[node name="Hands Right" parent="MotherAnim/Armature/Skeleton3D" index="5"]
transform = Transform3D(-0.327654, 0.0891724, 0.94058, 0.59405, 0.793573, 0.131704, -0.734674, 0.601905, -0.31299, -0.283902, 0.231051, 0.311347)
bone_idx = 18

[node name="Arm Lower Right" parent="MotherAnim/Armature/Skeleton3D" index="6"]
transform = Transform3D(0.379924, -0.286573, 0.879508, 0.907939, 0.29739, -0.295307, -0.176929, 0.910733, 0.373177, -0.292227, 0.883392, 0.183465)
bone_idx = 19

[node name="Arm Upper Right" parent="MotherAnim/Armature/Skeleton3D" index="7"]
transform = Transform3D(0.881834, 0.201026, 0.426565, 0.124882, 0.77273, -0.622328, -0.454724, 0.60206, 0.656316, 0.0317645, 1.29847, 0.208682)
bone_idx = 20

[node name="Torso Upper" parent="MotherAnim/Armature/Skeleton3D" index="8"]
transform = Transform3D(0.962457, 0.270644, 0.0206803, -0.270878, 0.962567, 0.0094182, -0.0173572, -0.0146664, 0.999741, 0.157705, 0.914928, -0.000623754)
bone_idx = 21

[node name="Feet Left" parent="MotherAnim/Armature/Skeleton3D" index="9"]
transform = Transform3D(0.930048, 0.313185, 0.192153, -0.303569, 0.949582, -0.0783646, -0.207008, 0.014551, 0.978231, 0.444459, -1.01438, 0.0851108)
bone_idx = 26

[node name="Leg Lower Left" parent="MotherAnim/Armature/Skeleton3D" index="10"]
transform = Transform3D(0.89169, 0.450957, 0.039049, -0.452228, 0.891246, 0.0342353, -0.0193637, -0.0481865, 0.99865, 1.0715, 0.255307, 0.0323278)
bone_idx = 27

[node name="Legs Upper Left" parent="MotherAnim/Armature/Skeleton3D" index="11"]
transform = Transform3D(0.426477, -0.903424, -0.0440694, 0.901855, 0.421004, 0.0970144, -0.0690917, -0.0811186, 0.994307, 0.0729467, -0.0226238, 0.00630456)
bone_idx = 28

[node name="Feet Right" parent="MotherAnim/Armature/Skeleton3D" index="12"]
transform = Transform3D(0.931974, 0.228046, 0.281807, -0.08341, 0.891395, -0.445489, -0.352792, 0.39168, 0.849778, 0.934947, -0.704302, -0.495604)
bone_idx = 33

[node name="Leg Lower Right" parent="MotherAnim/Armature/Skeleton3D" index="13"]
transform = Transform3D(0.937726, -0.224082, 0.265432, 0.320362, 0.853288, -0.411425, -0.134296, 0.470839, 0.871937, 0.599131, 0.541145, 0.194995)
bone_idx = 34

[node name="Legs Upper Right" parent="MotherAnim/Armature/Skeleton3D" index="14"]
transform = Transform3D(0.199941, -0.970725, 0.133102, 0.939908, 0.151649, -0.3059, 0.27676, 0.186266, 0.942713, 0.0615745, 0.0432465, -0.00606236)
bone_idx = 35

[node name="Torso Lower" parent="MotherAnim/Armature/Skeleton3D" index="15"]
transform = Transform3D(1, 1.58725e-08, -2.09547e-09, -1.58725e-08, 1, 7.98609e-08, 2.09547e-09, -7.98609e-08, 1, 7.57522e-08, 0.936643, 0.00791555)
bone_idx = 36

[node name="CollisionShape3D" type="CollisionShape3D" parent="."]
transform = Transform3D(1, 0, 0, 0, 1, 0, 0, 0, 1, -0.133924, 1.74338, -0.230516)
shape = SubResource("CapsuleShape3D_r1n5f")

[node name="StaticBodyInteraction" type="StaticBody3D" parent="."]
transform = Transform3D(1, 0, 0, 0, 1, 0, 0, 0, 1, -0.212663, 0, 0.265329)
collision_layer = 8
script = ExtResource("3_phbyn")
Dialogue_Path = "res://Assets/Dialogues/TestDialogue.json"
prompt_message = "Talk"

[node name="CollisionShape3D" type="CollisionShape3D" parent="StaticBodyInteraction"]
transform = Transform3D(1, 0, 0, 0, 1, 0, 0, 0, 1, 0.0787395, 1.74338, -0.531831)
shape = SubResource("CapsuleShape3D_771kj")

[node name="NavigationAgent3D" type="NavigationAgent3D" parent="."]
avoidance_enabled = true
radius = 1.0
max_neighbors = 20
debug_enabled = true

[node name="Idle_Walking" type="Timer" parent="."]
one_shot = true

[editable path="MotherAnim"]
