[gd_scene load_steps=6 format=3 uid="uid://wk2lsgfxme8h"]

[ext_resource type="Script" path="res://Assets/Models/NPC/Man1/NPC.gd" id="1_ut1w1"]
[ext_resource type="PackedScene" uid="uid://bhlxfclvx6hst" path="res://Assets/Models/NPC/Mother/MotherAnim.blend" id="2_x7trr"]
[ext_resource type="Script" path="res://Scenes/Interactable.gd" id="3_phbyn"]

[sub_resource type="CapsuleShape3D" id="CapsuleShape3D_r1n5f"]
height = 4.06401

[sub_resource type="CapsuleShape3D" id="CapsuleShape3D_771kj"]
height = 4.13655

[node name="Mother" type="CharacterBody3D"]
script = ExtResource("1_ut1w1")

[node name="MotherAnim" parent="." instance=ExtResource("2_x7trr")]
transform = Transform3D(-1, 0, -8.74228e-08, 0, 1, 0, 8.74228e-08, 0, -1, 0, 0, 0)

[node name="Armature" parent="MotherAnim" index="0"]
transform = Transform3D(-0.00187009, 0.0189215, -0.999819, 0.026547, 0.999469, 0.0188652, 0.999646, -0.0265069, -0.00237141, 0.0028773, 1.67417, 0.00185095)

[node name="Skeleton3D" parent="MotherAnim/Armature" index="0"]
bones/1/rotation = Quaternion(0.000270037, -0.00112094, -0.0084466, 0.999964)
bones/2/rotation = Quaternion(-0.0109936, -0.0356828, 0.00585015, 0.999286)
bones/3/rotation = Quaternion(-0.0128589, 0.00700911, 0.0242423, 0.999599)
bones/7/rotation = Quaternion(-0.968161, 0.00181725, -0.194771, 0.157246)
bones/8/rotation = Quaternion(2.06129e-07, 4.40228e-09, -0.252872, 0.9675)
bones/9/rotation = Quaternion(-0.10677, 0.0583462, 0.127069, 0.984403)
bones/14/rotation = Quaternion(0.967116, 0.0166408, -0.199988, 0.15625)
bones/15/rotation = Quaternion(-5.65012e-08, -6.73787e-08, -0.23426, 0.972174)
bones/16/rotation = Quaternion(0.00941023, 0.0183943, 0.128578, 0.991484)
bones/22/rotation = Quaternion(-0.996433, -0.0707053, 0.0375798, 0.0266495)
bones/23/rotation = Quaternion(0.0108265, -0.078925, 0.210371, 0.974371)
bones/24/rotation = Quaternion(0.159989, 0.0109538, -0.679461, 0.715973)
bones/29/rotation = Quaternion(0.989114, 0.0677997, 0.121205, 0.048641)
bones/30/rotation = Quaternion(-0.00665743, 0.0352593, 0.169177, 0.984932)
bones/31/rotation = Quaternion(-0.146471, 0.00666916, -0.64249, 0.752136)

[node name="Head" parent="MotherAnim/Armature/Skeleton3D" index="0"]
transform = Transform3D(0.532216, -0.0216816, -0.0318926, 0.0232341, 0.532484, 0.0257255, 0.0307799, -0.0270468, 0.532036, -0.00157845, 1.81185, -0.0435659)
bone_idx = 5

[node name="Neck" parent="MotherAnim/Armature/Skeleton3D" index="1"]
transform = Transform3D(0.997291, 0.00603121, -0.0733088, -0.00441135, 0.999743, 0.0222381, 0.0734241, -0.0218545, 0.997061, 0.0152664, 1.2996, -0.00622808)
bone_idx = 6

[node name="Hands Left" parent="MotherAnim/Armature/Skeleton3D" index="2"]
transform = Transform3D(0.814163, 0.137217, -0.564189, 0.130858, 0.903314, 0.408534, 0.565697, -0.406442, 0.717489, -0.267669, 0.48238, 0.205812)
bone_idx = 11

[node name="Arm Lower Left" parent="MotherAnim/Armature/Skeleton3D" index="3"]
transform = Transform3D(0.783403, -0.104199, -0.612716, 0.395172, 0.844419, 0.361655, 0.479705, -0.52545, 0.702698, -0.32543, 0.950123, -0.0757283)
bone_idx = 12

[node name="Arm Upper Left" parent="MotherAnim/Armature/Skeleton3D" index="4"]
transform = Transform3D(0.922048, 0.201817, -0.330299, -0.0805711, 0.934697, 0.346194, 0.378597, -0.292595, 0.878096, -0.0983405, 1.22774, -0.0673493)
bone_idx = 13

[node name="Hands Right" parent="MotherAnim/Armature/Skeleton3D" index="5"]
transform = Transform3D(0.894591, -0.0342299, 0.445573, 0.168381, 0.949397, -0.265129, -0.41395, 0.312208, 0.855085, -0.12611, 0.352881, -0.299474)
bone_idx = 18

[node name="Arm Lower Right" parent="MotherAnim/Armature/Skeleton3D" index="6"]
transform = Transform3D(0.783245, -0.104289, 0.612904, 0.393102, 0.846828, -0.358263, -0.481661, 0.521541, 0.704271, -0.310399, 0.942897, 0.0954282)
bone_idx = 19

[node name="Arm Upper Right" parent="MotherAnim/Armature/Skeleton3D" index="7"]
transform = Transform3D(0.91969, 0.173706, 0.35213, -0.0456333, 0.938027, -0.343545, -0.389983, 0.299886, 0.870621, -0.10799, 1.2227, 0.0965638)
bone_idx = 20

[node name="Torso Upper" parent="MotherAnim/Armature/Skeleton3D" index="8"]
transform = Transform3D(0.999855, 0.016892, -0.00224636, -0.0168932, 0.999857, -0.000521039, 0.00223724, 0.000558912, 0.999997, 0.00981497, 0.936555, 0.00824091)
bone_idx = 21

[node name="Feet Left" parent="MotherAnim/Armature/Skeleton3D" index="9"]
transform = Transform3D(0.960273, 0.0265465, 0.277796, -0.0202527, 0.999469, -0.0254995, -0.278325, 0.0188604, 0.960301, 0.0224052, -1.48299, -0.146307)
bone_idx = 26

[node name="Leg Lower Left" parent="MotherAnim/Armature/Skeleton3D" index="10"]
transform = Transform3D(0.948097, 0.227929, 0.22172, -0.203417, 0.970685, -0.12803, -0.244401, 0.0762834, 0.966668, 0.348056, -0.127895, -0.0314193)
bone_idx = 27

[node name="Legs Upper Left" parent="MotherAnim/Armature/Skeleton3D" index="11"]
transform = Transform3D(0.979046, -0.185296, 0.0844654, 0.191906, 0.978285, -0.0782854, -0.0681253, 0.0928544, 0.993346, 0.0317689, -0.100409, -0.00901979)
bone_idx = 28

[node name="Feet Right" parent="MotherAnim/Armature/Skeleton3D" index="12"]
transform = Transform3D(0.921255, 0.0265462, -0.388052, -0.031783, 0.999469, -0.00708377, 0.387657, 0.0188597, 0.92161, 0.0795651, -1.49142, 0.219922)
bone_idx = 33

[node name="Leg Lower Right" parent="MotherAnim/Armature/Skeleton3D" index="13"]
transform = Transform3D(0.938549, 0.159477, -0.306093, -0.120104, 0.98233, 0.143535, 0.323574, -0.0979513, 0.941118, 0.302992, -0.118976, 0.0671986)
bone_idx = 34

[node name="Legs Upper Right" parent="MotherAnim/Armature/Skeleton3D" index="14"]
transform = Transform3D(0.95415, -0.162253, -0.251536, 0.194782, 0.974638, 0.110179, 0.22728, -0.154123, 0.961555, 0.0640214, -0.107462, 0.0200524)
bone_idx = 35

[node name="Torso Lower" parent="MotherAnim/Armature/Skeleton3D" index="15"]
transform = Transform3D(1, 1.58725e-08, -2.09547e-09, -1.58725e-08, 1, 7.98609e-08, 2.09547e-09, -7.98609e-08, 1, 7.57522e-08, 0.936643, 0.00791555)
bone_idx = 36

[node name="CollisionShape3D" type="CollisionShape3D" parent="."]
transform = Transform3D(1, 0, 0, 0, 1, 0, 0, 0, 1, -0.133924, 1.74338, -0.230516)
shape = SubResource("CapsuleShape3D_r1n5f")

[node name="StaticBodyInteraction" type="StaticBody3D" parent="."]
transform = Transform3D(1, 0, 0, 0, 1, 0, 0, 0, 1, -0.212663, 0, 0.265329)
collision_layer = 8
script = ExtResource("3_phbyn")
Dialogue_Path = "res://Assets/Dialogues/TestDialogue.json"
prompt_message = "Talk"

[node name="CollisionShape3D" type="CollisionShape3D" parent="StaticBodyInteraction"]
transform = Transform3D(1, 0, 0, 0, 1, 0, 0, 0, 1, 0.0787395, 1.74338, -0.531831)
shape = SubResource("CapsuleShape3D_771kj")

[node name="NavigationAgent3D" type="NavigationAgent3D" parent="."]
avoidance_enabled = true
radius = 1.0
max_neighbors = 20
debug_enabled = true

[node name="Idle_Walking" type="Timer" parent="."]
one_shot = true

[editable path="MotherAnim"]
